3660960904 1 -0.002930 -0.985352 -0.028320 -3347.336426 -9.952437 -346.276184
3660962904 2000 0.001953 -0.991211 -0.030273 5021.004883 -9.893605 -323.935760
3660964904 2000 0.000977 -0.987305 -0.047363 10042.009766 -9.932750 -207.051743
3660966904 2000 0.005371 -0.993652 -0.038574 1825.819946 -9.869297 -254.228088
3660968904 2000 -0.004883 -0.999023 -0.037109 -2008.401978 -9.816236 -264.263397
3660970904 2000 0.010254 -0.995117 -0.041016 956.381897 -9.854769 -239.095474
3660972904 2000 0.000000 -0.988770 -0.031738 inf -9.918035 -308.984924
3660974904 2000 -0.004883 -0.993164 -0.041992 -2008.401978 -9.874149 -233.535110
3660976904 2000 -0.001465 -0.992676 -0.040527 -6694.672852 -9.879006 -241.976135
3660978904 2000 0.001953 -1.001465 -0.034180 5021.004883 -9.792306 -286.914551
3660980904 2000 0.003906 -0.996582 -0.035645 2510.502441 -9.840283 -275.123566
3660982904 2000 -0.006348 -1.001953 -0.042480 -1544.924561 -9.787534 -230.850800
3660984904 2000 0.007324 -0.992188 -0.036621 1338.934570 -9.883867 -267.786926
3660986904 2000 0.001465 -0.991211 -0.039551 6694.672852 -9.893605 -247.950851
3660988904 2000 -0.004395 -0.991699 -0.033203 -2231.557617 -9.888734 -295.353210
3660990904 2000 0.007812 -1.000000 -0.025391 1255.251221 -9.806650 -386.231140
3660992904 2000 0.003418 -0.996582 -0.036621 2869.145508 -9.840283 -267.786926
3660994904 2000 0.000488 -0.984863 -0.043457 20084.019531 -9.957372 -225.663132
3660996913 2009 0.005371 -0.991699 -0.039551 1825.819946 -9.888734 -247.950851
3660998913 2000 0.003906 -0.992188 -0.034668 2510.502441 -9.883867 -282.873505
3661000913 2000 0.005859 -0.997559 -0.049805 1673.668213 -9.830650 -196.902145
3661002913 2000 0.003418 -0.991211 -0.036133 2869.145508 -9.893605 -271.405670
3661004913 2000 0.007812 -0.996094 -0.049805 1255.251221 -9.845107 -196.902145
3661006913 2000 0.010742 -0.991699 -0.047852 912.909973 -9.888734 -204.938965
3661008913 2000 0.000977 -1.000000 -0.031250 10042.009766 -9.806650 -313.812805
3661010913 2000 0.010254 -0.996582 -0.031250 956.381897 -9.840283 -313.812805
3661012913 2000 0.000000 -0.989746 -0.040527 inf -9.908248 -241.976135
3661014913 2000 0.003418 -0.989258 -0.041992 2869.145508 -9.913138 -233.535110
3661016913 2000 0.006836 -0.992676 -0.036133 1434.572754 -9.879006 -271.405670
3661018913 2000 0.008301 -0.990723 -0.034180 1181.412842 -9.898481 -286.914551
3661020913 2000 0.007324 -0.996582 -0.039062 1338.934570 -9.840283 -251.050247
3661022913 2000 0.011719 -0.986816 -0.046875 836.834106 -9.937664 -209.208527
3661024913 2000 0.015137 -0.991699 -0.038574 647.871521 -9.888734 -254.228088
3661026913 2000 0.010254 -0.997559 -0.040527 956.381897 -9.830650 -241.976135
3661028913 2000 0.010742 -0.986328 -0.055176 912.909973 -9.942584 -177.734665
3661030913 2000 0.016113 -0.995605 -0.046387 608.606628 -9.849936 -211.410721
3661032913 2000 0.012695 -0.995117 -0.041992 772.462280 -9.854769 -233.535110
3661034913 2000 0.005859 -0.992676 -0.045898 1673.668213 -9.879006 -213.659775
3661036913 2000 0.008789 -0.992676 -0.035156 1115.778809 -9.879006 -278.944702
3661038913 2000 0.021484 -0.991211 -0.037109 456.454987 -9.893605 -264.263397
3661040913 2000 0.009277 -0.995605 -0.032227 1057.053589 -9.849936 -304.303314
3661042913 2000 0.010254 -1.004395 -0.035645 956.381897 -9.763743 -275.123566
3661044913 2000 0.007324 -0.997559 -0.054688 1338.934570 -9.830650 -179.321594
3661046913 2000 0.003418 -0.999512 -0.054199 2869.145508 -9.811440 -180.937103
3661048913 2000 0.012207 -0.997559 -0.041016 803.360779 -9.830650 -239.095474
3661050913 2000 0.017090 -0.999023 -0.051758 573.829102 -9.816236 -189.471878
3661052913 2000 0.005859 -0.999023 -0.049805 1673.668213 -9.816236 -196.902145
3661054913 2000 0.008789 -0.985352 -0.045410 1115.778809 -9.952437 -215.957199
3661056913 2000 0.008301 -0.982422 -0.033691 1181.412842 -9.982117 -291.072754
3661058913 2000 0.005371 -0.996582 -0.044922 1825.819946 -9.840283 -218.304550
3661060913 2000 0.001465 -0.993164 -0.046387 6694.672852 -9.874149 -211.410721
3661062913 2000 0.011719 -0.989258 -0.037109 836.834106 -9.913138 -264.263397
3661064913 2000 0.008789 -0.995605 -0.054199 1115.778809 -9.849936 -180.937103
3661066913 2000 0.011719 -0.996094 -0.055664 836.834106 -9.845107 -176.175613
3661068913 2000 0.004395 -0.997070 -0.042480 2231.557617 -9.835464 -230.850800
3661070913 2000 0.008789 -0.995117 -0.048340 1115.778809 -9.854769 -202.868881
3661072935 2022 0.001465 -1.000000 -0.040039 6694.672852 -9.806650 -244.927063
3661074935 2000 0.006836 -0.994141 -0.038574 1434.572754 -9.864450 -254.228088
3661076935 2000 0.002930 -1.003418 -0.049316 3347.336426 -9.773246 -198.851669
3661078935 2000 -0.000977 -0.999023 -0.055176 -10042.009766 -9.816236 -177.734665
3661080935 2000 0.009766 -0.997559 -0.050293 1004.200989 -9.830650 -194.990479
3661082935 2000 0.000977 -0.992188 -0.036621 10042.009766 -9.883867 -267.786926
3661084935 2000 -0.000488 -0.989746 -0.041992 -20084.019531 -9.908248 -233.535110
3661086935 2000 0.012207 -0.991211 -0.047852 803.360779 -9.893605 -204.938965
3661088935 2000 0.004395 -0.996094 -0.041016 2231.557617 -9.845107 -239.095474
3661090935 2000 0.006836 -1.000000 -0.042480 1434.572754 -9.806650 -230.850800
3661092935 2000 -0.001465 -1.002441 -0.020020 -6694.672852 -9.782766 -489.854126
3661094935 2000 -0.000488 -0.994141 -0.040039 -20084.019531 -9.864450 -244.927063
3661096935 2000 0.010742 -0.997070 -0.039551 912.909973 -9.835464 -247.950851
3661098935 2000 0.004883 -0.998047 -0.020020 2008.401978 -9.825841 -489.854126
3661100935 2000 0.006348 -0.998047 -0.041992 1544.924561 -9.825841 -233.535110
3661102935 2000 0.003418 -0.992188 -0.032227 2869.145508 -9.883867 -304.303314
3661104935 2000 0.010254 -0.998047 -0.034180 956.381897 -9.825841 -286.914551
3661106935 2000 0.005859 -0.993164 -0.027832 1673.668213 -9.874149 -352.351227
3661108935 2000 0.000977 -0.992188 -0.028809 10042.009766 -9.883867 -340.407104
3661110935 2000 0.004395 -0.991699 -0.032227 2231.557617 -9.888734 -304.303314
3661112935 2000 0.000000 -0.992188 -0.034668 inf -9.883867 -282.873505
3661114935 2000 -0.002441 -0.999512 -0.030762 -4016.803955 -9.811440 -318.793945
3661116935 2000 0.007324 -0.997070 -0.026855 1338.934570 -9.835464 -365.164001
3661118935 2000 -0.003418 -0.996582 -0.043945 -2869.145508 -9.840283 -223.155762
3661120935 2000 -0.001465 -1.001953 -0.039062 -6694.672852 -9.787534 -251.050247
3661122935 2000 0.003418 -0.997070 -0.042969 2869.145508 -9.835464 -228.227493
3661124935 2000 0.003906 -0.995117 -0.028320 2510.502441 -9.854769 -346.276184
3661126935 2000 0.000488 -0.990234 -0.042480 20084.019531 -9.903362 -230.850800
3661128935 2000 0.005371 -0.995605 -0.055664 1825.819946 -9.849936 -176.175613
3661130935 2000 0.006348 -0.990723 -0.037109 1544.924561 -9.898481 -264.263397
3661132935 2000 0.005859 -0.996094 -0.037109 1673.668213 -9.845107 -264.263397
3661134935 2000 0.013184 -0.992676 -0.050781 743.852539 -9.879006 -193.115570
3661136935 2000 0.010254 -0.995117 -0.042480 956.381897 -9.854769 -230.850800
3661138935 2000 0.003418 -0.994141 -0.040527 2869.145508 -9.864450 -241.976135
3661140935 2000 0.004395 -0.996094 -0.043945 2231.557617 -9.845107 -223.155762
3661142935 2000 0.002930 -0.996582 -0.049805 3347.336426 -9.840283 -196.902145
3661144935 2000 0.005371 -0.995117 -0.034180 1825.819946 -9.854769 -286.914551
3661146935 2000 0.010742 -0.991211 -0.044922 912.909973 -9.893605 -218.304550
3661148935 2000 0.008301 -0.995605 -0.030762 1181.412842 -9.849936 -318.793945
3661150935 2000 0.018066 -0.993652 -0.046875 542.811340 -9.869297 -209.208527
3661152935 2000 0.009766 -1.002441 -0.043945 1004.200989 -9.782766 -223.155762
3661154935 2000 0.009766 -0.989746 -0.031250 1004.200989 -9.908248 -313.812805
3661156935 2000 0.013672 -0.997559 -0.039062 717.286377 -9.830650 -251.050247
3661158935 2000 0.006836 -0.991211 -0.035645 1434.572754 -9.893605 -275.123566
3661160962 2027 0.009277 -0.988281 -0.042969 1057.053589 -9.922935 -228.227493
3661162977 2015 0.018555 -0.995605 -0.041992 528.526794 -9.849936 -233.535110
3661164977 2000 0.008301 -0.999023 -0.029785 1181.412842 -9.816236 -329.246246
3661166977 2000 0.015625 -0.999512 -0.042480 627.625610 -9.811440 -230.850800
3661169042 2065 0.007324 -0.987305 -0.037598 1338.934570 -9.932750 -260.831421
3661171042 2000 0.018555 -0.984375 -0.030762 528.526794 -9.962311 -318.793945
3661173042 2000 0.008789 -0.992676 -0.044434 1115.778809 -9.879006 -220.703506
3661175042 2000 0.004883 -0.991699 -0.040039 2008.401978 -9.888734 -244.927063
3661177042 2000 0.009766 -0.996582 -0.048828 1004.200989 -9.840283 -200.840195
3661179042 2000 0.011719 -1.003906 -0.042480 836.834106 -9.768492 -230.850800
3661181042 2000 0.011719 -0.999512 -0.037109 836.834106 -9.811440 -264.263397
3661183042 2000 0.012695 -0.988281 -0.043457 772.462280 -9.922935 -225.663132
3661185042 2000 0.008789 -0.991211 -0.053711 1115.778809 -9.893605 -182.582001
3661187042 2000 0.002930 -0.997559 -0.042969 3347.336426 -9.830650 -228.227493
3661189042 2000 0.003418 -0.992188 -0.028809 2869.145508 -9.883867 -340.407104
3661191042 2000 0.010254 -1.000000 -0.039062 956.381897 -9.806650 -251.050247
3661193042 2000 0.007812 -0.996582 -0.036621 1255.251221 -9.840283 -267.786926
3661195042 2000 0.017578 -0.993652 -0.044922 557.889404 -9.869297 -218.304550
3661197042 2000 0.001953 -0.988281 -0.038086 5021.004883 -9.922935 -257.487427
3661199042 2000 0.007812 -0.993652 -0.041992 1255.251221 -9.869297 -233.535110
3661201042 2000 -0.000977 -0.991211 -0.036621 -10042.009766 -9.893605 -267.786926
3661203042 2000 0.007812 -0.988281 -0.038574 1255.251221 -9.922935 -254.228088
3661205042 2000 -0.003418 -0.998047 -0.029785 -2869.145508 -9.825841 -329.246246
3661207042 2000 0.008301 -1.004395 -0.055176 1181.412842 -9.763743 -177.734665
3661209042 2000 0.012207 -0.995605 -0.040527 803.360779 -9.849936 -241.976135
3661211042 2000 0.005371 -0.988281 -0.044922 1825.819946 -9.922935 -218.304550
3661213042 2000 0.011719 -0.996094 -0.034180 836.834106 -9.845107 -286.914551
3661215048 2006 0.001465 -0.991211 -0.041992 6694.672852 -9.893605 -233.535110
3661217048 2000 0.005859 -0.998535 -0.047852 1673.668213 -9.821036 -204.938965
3661219048 2000 0.013672 -0.998535 -0.046387 717.286377 -9.821036 -211.410721
3661221058 2010 0.000977 -0.995605 -0.039551 10042.009766 -9.849936 -247.950851
3661223058 2000 0.004883 -0.995605 -0.036133 2008.401978 -9.849936 -271.405670
3661225058 2000 0.008301 -0.992676 -0.030273 1181.412842 -9.879006 -323.935760
3661227058 2000 0.005371 -0.992676 -0.057129 1825.819946 -9.879006 -171.658279
3661229058 2000 0.010254 -0.990234 -0.037598 956.381897 -9.903362 -260.831421
3661231058 2000 0.009277 -0.990723 -0.037598 1057.053589 -9.898481 -260.831421
3661233058 2000 0.010742 -1.000488 -0.019531 912.909973 -9.801864 -502.100494
3661235058 2000 0.010254 -1.000000 -0.032715 956.381897 -9.806650 -299.761475
3661237058 2000 0.011230 -0.995117 -0.034180 873.218201 -9.854769 -286.914551
3661239058 2000 0.007812 -1.004395 -0.035645 1255.251221 -9.763743 -275.123566
3661241058 2000 0.000977 -1.000000 -0.045410 10042.009766 -9.806650 -215.957199
3661243058 2000 0.011230 -0.996582 -0.033203 873.218201 -9.840283 -295.353210
3661245058 2000 0.004395 -0.991211 -0.038086 2231.557617 -9.893605 -257.487427
3661247058 2000 0.006836 -0.997559 -0.042480 1434.572754 -9.830650 -230.850800
3661249058 2000 0.006348 -0.992188 -0.048340 1544.924561 -9.883867 -202.868881
3661251058 2000 0.009766 -1.000488 -0.050293 1004.200989 -9.801864 -194.990479
3661253058 2000 0.005371 -0.989746 -0.042480 1825.819946 -9.908248 -230.850800
3661255058 2000 0.007812 -0.989746 -0.034668 1255.251221 -9.908248 -282.873505
3661257058 2000 0.007324 -0.992188 -0.039062 1338.934570 -9.883867 -251.050247
3661259060 2002 0.010742 -1.000488 -0.056641 912.909973 -9.801864 -173.138092
3661261060 2000 0.016113 -0.991211 -0.026855 608.606628 -9.893605 -365.164001
3661263060 2000 0.003418 -0.999512 -0.036621 2869.145508 -9.811440 -267.786926
3661265060 2000 0.003418 -0.987793 -0.040039 2869.145508 -9.927839 -244.927063
3661267060 2000 0.000000 -0.995117 -0.042480 inf -9.854769 -230.850800
3661269060 2000 0.009766 -0.992676 -0.027832 1004.200989 -9.879006 -352.351227
3661271060 2000 0.000977 -0.997559 -0.041992 10042.009766 -9.830650 -233.535110
3661273060 2000 0.001953 -1.003418 -0.037598 5021.004883 -9.773246 -260.831421
3661275060 2000 0.012207 -0.997559 -0.042969 803.360779 -9.830650 -228.227493
3661277060 2000 0.000000 -0.995605 -0.036621 inf -9.849936 -267.786926
3661279060 2000 0.003906 -1.000488 -0.040527 2510.502441 -9.801864 -241.976135
3661281060 2000 0.013672 -0.995605 -0.026367 717.286377 -9.849936 -371.926270
3661283060 2000 0.003418 -0.993164 -0.034180 2869.145508 -9.874149 -286.914551
3661285060 2000 0.001465 -0.987305 -0.040039 6694.672852 -9.932750 -244.927063
3661287060 2000 0.009277 -0.993652 -0.039551 1057.053589 -9.869297 -247.950851
3661289060 2000 0.000000 -0.990234 -0.044434 inf -9.903362 -220.703506
3661291060 2000 0.003418 -0.997070 -0.046875 2869.145508 -9.835464 -209.208527
3661293060 2000 -0.000977 -0.989258 -0.047363 -10042.009766 -9.913138 -207.051743
3661295060 2000 0.004883 -0.996094 -0.046875 2008.401978 -9.845107 -209.208527
3661297060 2000 -0.003418 -0.992188 -0.041992 -2869.145508 -9.883867 -233.535110
3661299060 2000 0.005371 -1.004395 -0.050293 1825.819946 -9.763743 -194.990479
3661301060 2000 0.003906 -0.985352 -0.038574 2510.502441 -9.952437 -254.228088
3661303060 2000 0.001953 -1.001465 -0.037598 5021.004883 -9.792306 -260.831421
3661305060 2000 -0.003906 -0.990723 -0.039062 -2510.502441 -9.898481 -251.050247
3661307060 2000 0.007812 -0.993652 -0.045898 1255.251221 -9.869297 -213.659775
3661309060 2000 0.005859 -0.984863 -0.036621 1673.668213 -9.957372 -267.786926
3661311060 2000 -0.006836 -0.998535 -0.041992 -1434.572754 -9.821036 -233.535110
3661313060 2000 0.002930 -0.995605 -0.043457 3347.336426 -9.849936 -225.663132
3661315060 2000 -0.003906 -0.993164 -0.046875 -2510.502441 -9.874149 -209.208527
3661317060 2000 0.004395 -0.990723 -0.046387 2231.557617 -9.898481 -211.410721
3661319060 2000 -0.004883 -0.999512 -0.039062 -2008.401978 -9.811440 -251.050247
3661321060 2000 -0.008789 -0.992676 -0.042480 -1115.778809 -9.879006 -230.850800
3661323060 2000 -0.004883 -1.000488 -0.039551 -2008.401978 -9.801864 -247.950851
3661325060 2000 0.002930 -0.983398 -0.032227 3347.336426 -9.972203 -304.303314
3661327060 2000 0.005859 -0.990723 -0.036133 1673.668213 -9.898481 -271.405670
3661329060 2000 0.000977 -0.989258 -0.037598 10042.009766 -9.913138 -260.831421
3661331060 2000 -0.001465 -0.991699 -0.035156 -6694.672852 -9.888734 -278.944702
3661333060 2000 0.000000 -0.994141 -0.034668 inf -9.864450 -282.873505
3661335060 2000 -0.003906 -0.995117 -0.036621 -2510.502441 -9.854769 -267.786926
3661337060 2000 0.010742 -0.991699 -0.047363 912.909973 -9.888734 -207.051743
3661339069 2009 0.003418 -0.996582 -0.037109 2869.145508 -9.840283 -264.263397
3661341069 2000 0.005859 -0.990723 -0.030273 1673.668213 -9.898481 -323.935760
3661343069 2000 0.005371 -0.998047 -0.031738 1825.819946 -9.825841 -308.984924
3661345069 2000 -0.001953 -0.998047 -0.027344 -5021.004883 -9.825841 -358.643188
3661347069 2000 -0.002930 -0.995117 -0.022949 -3347.336426 -9.854769 -427.319550
3661349069 2000 0.004395 -0.988281 -0.039062 2231.557617 -9.922935 -251.050247
3661351069 2000 0.006348 -0.998047 -0.034668 1544.924561 -9.825841 -282.873505
3661353069 2000 0.004395 -0.995605 -0.042480 2231.557617 -9.849936 -230.850800
3661355069 2000 0.011719 -0.996582 -0.041504 836.834106 -9.840283 -236.282578
3661357069 2000 0.006836 -0.992676 -0.040527 1434.572754 -9.879006 -241.976135
3661359069 2000 0.005859 -1.006348 -0.033691 1673.668213 -9.744793 -291.072754
3661361069 2000 0.008789 -0.993164 -0.035645 1115.778809 -9.874149 -275.123566
3661363069 2000 0.006348 -0.988770 -0.023926 1544.924561 -9.918035 -409.877930
3661365069 2000 0.012207 -0.989258 -0.045410 803.360779 -9.913138 -215.957199
3661367069 2000 0.006348 -0.990723 -0.026855 1544.924561 -9.898481 -365.164001
3661369069 2000 0.011230 -1.002441 -0.037109 873.218201 -9.782766 -264.263397
3661371069 2000 0.007324 -0.984863 -0.045898 1338.934570 -9.957372 -213.659775
3661373069 2000 0.012207 -0.998535 -0.030762 803.360779 -9.821036 -318.793945
3661375083 2014 0.007324 -0.998535 -0.039062 1338.934570 -9.821036 -251.050247
3661377083 2000 0.006348 -0.996094 -0.026855 1544.924561 -9.845107 -365.164001
3661379083 2000 0.004883 -0.992676 -0.038086 2008.401978 -9.879006 -257.487427
3661381083 2000 0.013672 -0.991211 -0.041992 717.286377 -9.893605 -233.535110
3661383083 2000 0.017090 -0.997070 -0.036133 573.829102 -9.835464 -271.405670
3661385083 2000 -0.001953 -0.995605 -0.021973 -5021.004883 -9.849936 -446.311523
3661387083 2000 0.008789 -0.990723 -0.036621 1115.778809 -9.898481 -267.786926
3661389083 2000 0.006348 -0.993652 -0.029297 1544.924561 -9.869297 -334.733643
3661391083 2000 0.007812 -1.000000 -0.033691 1255.251221 -9.806650 -291.072754
3661393086 2003 0.001465 -0.985840 -0.034180 6694.672852 -9.947508 -286.914551
3661395086 2000 0.017090 -0.997070 -0.039062 573.829102 -9.835464 -251.050247
3661397086 2000 0.018066 -0.998535 -0.032715 542.811340 -9.821036 -299.761475
3661399086 2000 0.007812 -1.000488 -0.035645 1255.251221 -9.801864 -275.123566
3661401086 2000 -0.000488 -0.996094 -0.029297 -20084.019531 -9.845107 -334.733643
3661403086 2000 0.014648 -0.995605 -0.041504 669.467285 -9.849936 -236.282578
3661405086 2000 -0.002930 -0.998047 -0.037109 -3347.336426 -9.825841 -264.263397
3661407086 2000 0.002930 -0.998047 -0.032715 3347.336426 -9.825841 -299.761475
3661409086 2000 0.011719 -0.995605 -0.031738 836.834106 -9.849936 -308.984924
3661411086 2000 0.011230 -0.996094 -0.041992 873.218201 -9.845107 -233.535110
3661413086 2000 0.000488 -0.991699 -0.033691 20084.019531 -9.888734 -291.072754
3661415086 2000 0.009766 -0.993164 -0.035156 1004.200989 -9.874149 -278.944702
3661417086 2000 0.005859 -0.995605 -0.034668 1673.668213 -9.849936 -282.873505
3661419086 2000 0.005859 -1.000000 -0.036621 1673.668213 -9.806650 -267.786926
3661421086 2000 0.009766 -0.991699 -0.045410 1004.200989 -9.888734 -215.957199
3661423086 2000 0.007812 -0.998535 -0.038574 1255.251221 -9.821036 -254.228088
3661425086 2000 0.012207 -0.999512 -0.039551 803.360779 -9.811440 -247.950851
3661427086 2000 0.006348 -0.995117 -0.039062 1544.924561 -9.854769 -251.050247
3661429086 2000 0.009277 -0.992188 -0.045410 1057.053589 -9.883867 -215.957199
3661431086 2000 0.006836 -1.000977 -0.042480 1434.572754 -9.797083 -230.850800
3661433086 2000 0.006836 -0.989258 -0.048340 1434.572754 -9.913138 -202.868881
3661435086 2000 0.005371 -0.999512 -0.047852 1825.819946 -9.811440 -204.938965
3661437086 2000 0.006348 -0.996094 -0.047852 1544.924561 -9.845107 -204.938965
3661439086 2000 0.018066 -0.990234 -0.039551 542.811340 -9.903362 -247.950851
3661441086 2000 0.007324 -0.997559 -0.035156 1338.934570 -9.830650 -278.944702
3661443086 2000 0.009766 -0.999023 -0.051270 1004.200989 -9.816236 -191.276367
3661445086 2000 0.017090 -0.999023 -0.055176 573.829102 -9.816236 -177.734665
3661447086 2000 0.008301 -0.991699 -0.052246 1181.412842 -9.888734 -187.701111
3661449086 2000 0.008301 -0.997559 -0.033203 1181.412842 -9.830650 -295.353210
3661451086 2000 0.019043 -0.997559 -0.038574 514.974854 -9.830650 -254.228088
3661453086 2000 0.017578 -0.986816 -0.042969 557.889404 -9.937664 -228.227493
3661455086 2000 0.006836 -0.988770 -0.050293 1434.572754 -9.918035 -194.990479
3661457086 2000 0.001953 -0.990723 -0.031738 5021.004883 -9.898481 -308.984924
3661459086 2000 0.011719 -0.999023 -0.051270 836.834106 -9.816236 -191.276367
3661461086 2000 0.003906 -0.997559 -0.032715 2510.502441 -9.830650 -299.761475
3661463086 2000 0.007324 -0.995605 -0.044434 1338.934570 -9.849936 -220.703506
3661465086 2000 0.004395 -0.995605 -0.051758 2231.557617 -9.849936 -189.471878
3661467086 2000 0.007812 -0.997070 -0.036133 1255.251221 -9.835464 -271.405670
3661469090 2004 0.011719 -0.994141 -0.053223 836.834106 -9.864450 -184.257065
3661471090 2000 0.000488 -0.995605 -0.041504 20084.019531 -9.849936 -236.282578
3661473090 2000 0.009277 -0.989258 -0.035156 1057.053589 -9.913138 -278.944702
3661475090 2000 0.015625 -0.996094 -0.044434 627.625610 -9.845107 -220.703506
3661477090 2000 0.008789 -0.990234 -0.042480 1115.778809 -9.903362 -230.850800
3661479090 2000 0.007324 -0.997070 -0.034668 1338.934570 -9.835464 -282.873505
3661481090 2000 0.005859 -0.996094 -0.041016 1673.668213 -9.845107 -239.095474
3661483090 2000 0.011719 -1.002441 -0.034180 836.834106 -9.782766 -286.914551
3661485090 2000 0.010254 -1.001465 -0.036133 956.381897 -9.792306 -271.405670
3661487090 2000 0.006836 -0.995117 -0.041016 1434.572754 -9.854769 -239.095474
3661489090 2000 0.018555 -0.998047 -0.043457 528.526794 -9.825841 -225.663132
3661491090 2000 0.001465 -0.995605 -0.036621 6694.672852 -9.849936 -267.786926
3661493090 2000 0.005859 -1.002441 -0.036133 1673.668213 -9.782766 -271.405670
3661495090 2000 0.005371 -0.998047 -0.039551 1825.819946 -9.825841 -247.950851
3661497090 2000 0.000977 -0.993164 -0.036133 10042.009766 -9.874149 -271.405670
3661499090 2000 0.006348 -0.986816 -0.042480 1544.924561 -9.937664 -230.850800
3661501090 2000 0.003906 -1.000977 -0.049805 2510.502441 -9.797083 -196.902145
3661503090 2000 0.009277 -0.995117 -0.039551 1057.053589 -9.854769 -247.950851
3661505090 2000 -0.000488 -0.998535 -0.044434 -20084.019531 -9.821036 -220.703506
3661507090 2000 0.003906 -0.990723 -0.038086 2510.502441 -9.898481 -257.487427
3661509090 2000 0.001953 -0.998535 -0.036621 5021.004883 -9.821036 -267.786926
3661511090 2000 0.004883 -0.998047 -0.036621 2008.401978 -9.825841 -267.786926
3661513090 2000 -0.001953 -0.992676 -0.035645 -5021.004883 -9.879006 -275.123566
3661515090 2000 -0.003418 -0.998535 -0.024414 -2869.145508 -9.821036 -401.680389
3661517090 2000 0.002930 -0.990234 -0.035645 3347.336426 -9.903362 -275.123566
3661519090 2000 0.001465 -0.996094 -0.031250 6694.672852 -9.845107 -313.812805
3661521090 2000 0.007324 -0.989258 -0.037598 1338.934570 -9.913138 -260.831421
3661523090 2000 -0.003906 -0.995117 -0.027344 -2510.502441 -9.854769 -358.643188
3661525090 2000 0.006836 -0.996582 -0.040527 1434.572754 -9.840283 -241.976135
3661527090 2000 -0.003906 -0.987793 -0.044922 -2510.502441 -9.927839 -218.304550
3661529090 2000 -0.003418 -0.995117 -0.036133 -2869.145508 -9.854769 -271.405670
3661531090 2000 -0.001465 -0.999512 -0.036621 -6694.672852 -9.811440 -267.786926
3661533090 2000 -0.001465 -0.991211 -0.043457 -6694.672852 -9.893605 -225.663132
3661535108 2018 0.001465 -0.995605 -0.033691 6694.672852 -9.849936 -291.072754
3661537108 2000 0.003418 -0.990234 -0.025391 2869.145508 -9.903362 -386.231140
3661539108 2000 0.003906 -1.002930 -0.027344 2510.502441 -9.778004 -358.643188
3661541108 2000 0.005371 -0.996582 -0.041992 1825.819946 -9.840283 -233.535110
3661543108 2000 -0.001465 -0.999512 -0.048340 -6694.672852 -9.811440 -202.868881
3661545108 2000 0.000488 -0.986816 -0.034180 20084.019531 -9.937664 -286.914551
3661547108 2000 0.000488 -0.990723 -0.061035 20084.019531 -9.898481 -160.672150
3661549108 2000 -0.004883 -0.997559 -0.048340 -2008.401978 -9.830650 -202.868881
3661551108 2000 0.000000 -0.991699 -0.049805 inf -9.888734 -196.902145
3661553108 2000 0.005859 -0.990234 -0.044922 1673.668213 -9.903362 -218.304550
3661555108 2000 0.005371 -0.997070 -0.045898 1825.819946 -9.835464 -213.659775
3661557108 2000 0.007324 -0.996582 -0.036621 1338.934570 -9.840283 -267.786926
3661559108 2000 0.005371 -0.993164 -0.034180 1825.819946 -9.874149 -286.914551
3661561108 2000 0.004395 -0.991699 -0.042480 2231.557617 -9.888734 -230.850800
3661563108 2000 0.009277 -0.995117 -0.041016 1057.053589 -9.854769 -239.095474
3661565119 2011 0.008789 -0.998535 -0.035156 1115.778809 -9.821036 -278.944702
3661567119 2000 0.008301 -0.992188 -0.039062 1181.412842 -9.883867 -251.050247
3661569119 2000 0.009277 -0.995605 -0.033691 1057.053589 -9.849936 -291.072754
3661571119 2000 0.002930 -0.991699 -0.037109 3347.336426 -9.888734 -264.263397
3661573119 2000 0.003418 -0.994141 -0.046875 2869.145508 -9.864450 -209.208527
3661575119 2000 0.005371 -0.991699 -0.038086 1825.819946 -9.888734 -257.487427
3661577119 2000 0.003418 -0.994141 -0.034180 2869.145508 -9.864450 -286.914551
3661579119 2000 -0.000488 -0.995117 -0.045410 -20084.019531 -9.854769 -215.957199
3661581119 2000 0.000488 -0.992188 -0.043457 20084.019531 -9.883867 -225.663132
3661583119 2000 0.006348 -0.998047 -0.036133 1544.924561 -9.825841 -271.405670
3661585119 2000 0.006348 -0.995605 -0.038574 1544.924561 -9.849936 -254.228088
3661587119 2000 0.003906 -0.994141 -0.050293 2510.502441 -9.864450 -194.990479
3661589119 2000 0.003418 -0.993652 -0.033203 2869.145508 -9.869297 -295.353210
3661591119 2000 0.003418 -0.994141 -0.030762 2869.145508 -9.864450 -318.793945
3661593119 2000 0.005371 -0.994141 -0.041992 1825.819946 -9.864450 -233.535110
3661595119 2000 -0.002441 -0.996582 -0.042969 -4016.803955 -9.840283 -228.227493
3661597119 2000 -0.003906 -0.997559 -0.026367 -2510.502441 -9.830650 -371.926270
3661599142 2023 0.003418 -0.992188 -0.042480 2869.145508 -9.883867 -230.850800
3661601142 2000 0.001953 -0.993164 -0.047852 5021.004883 -9.874149 -204.938965
3661603142 2000 0.003418 -0.993164 -0.039062 2869.145508 -9.874149 -251.050247
3661605142 2000 0.008301 -1.001953 -0.043457 1181.412842 -9.787534 -225.663132
3661607147 2005 0.000977 -0.997070 -0.035645 10042.009766 -9.835464 -275.123566
3661609154 2007 0.000000 -0.992676 -0.034668 inf -9.879006 -282.873505
3661611154 2000 0.007324 -0.998047 -0.037598 1338.934570 -9.825841 -260.831421
3661613154 2000 0.008301 -0.996094 -0.041016 1181.412842 -9.845107 -239.095474
3661615154 2000 0.011230 -0.990723 -0.032715 873.218201 -9.898481 -299.761475
3661617154 2000 0.011230 -0.991699 -0.035156 873.218201 -9.888734 -278.944702
3661619154 2000 0.008789 -0.996094 -0.039062 1115.778809 -9.845107 -251.050247
3661621154 2000 0.013672 -0.985840 -0.039062 717.286377 -9.947508 -251.050247
3661623154 2000 0.008789 -1.000000 -0.033691 1115.778809 -9.806650 -291.072754
3661625154 2000 0.016113 -0.989258 -0.038574 608.606628 -9.913138 -254.228088
3661627154 2000 0.007324 -0.992188 -0.046875 1338.934570 -9.883867 -209.208527
3661629154 2000 0.006348 -0.991211 -0.046875 1544.924561 -9.893605 -209.208527
3661631154 2000 0.008789 -0.996094 -0.035156 1115.778809 -9.845107 -278.944702
3661633154 2000 0.007812 -1.000488 -0.041992 1255.251221 -9.801864 -233.535110
3661635154 2000 0.020020 -0.993652 -0.040039 489.854126 -9.869297 -244.927063
3661637154 2000 0.012207 -0.998047 -0.044434 803.360779 -9.825841 -220.703506
3661639154 2000 0.013184 -0.989258 -0.038086 743.852539 -9.913138 -257.487427
3661641154 2000 0.016602 -0.992188 -0.041992 590.706421 -9.883867 -233.535110
3661643154 2000 0.019043 -0.993164 -0.051270 514.974854 -9.874149 -191.276367
3661645154 2000 0.018555 -1.000000 -0.033691 528.526794 -9.806650 -291.072754
3661647154 2000 0.013672 -0.991211 -0.047852 717.286377 -9.893605 -204.938965
3661649154 2000 0.020020 -0.994141 -0.042480 489.854126 -9.864450 -230.850800
3661651154 2000 0.014648 -0.986328 -0.041992 669.467285 -9.942584 -233.535110
3661653154 2000 0.020020 -0.997559 -0.036133 489.854126 -9.830650 -271.405670
3661655154 2000 0.007812 -0.996582 -0.037109 1255.251221 -9.840283 -264.263397
3661657154 2000 0.016602 -0.989746 -0.034668 590.706421 -9.908248 -282.873505
3661659154 2000 0.011230 -0.996582 -0.041016 873.218201 -9.840283 -239.095474
3661661163 2009 0.016113 -0.998047 -0.039551 608.606628 -9.825841 -247.950851
3661663163 2000 0.017090 -0.994141 -0.048340 573.829102 -9.864450 -202.868881
3661665163 2000 0.006836 -1.000000 -0.038086 1434.572754 -9.806650 -257.487427
3661667163 2000 0.015137 -0.994141 -0.037109 647.871521 -9.864450 -264.263397
3661669163 2000 0.008789 -0.993652 -0.042480 1115.778809 -9.869297 -230.850800
3661671163 2000 0.016602 -1.000000 -0.036133 590.706421 -9.806650 -271.405670
3661673163 2000 0.012695 -0.986816 -0.034180 772.462280 -9.937664 -286.914551
3661675163 2000 0.014648 -0.992676 -0.032715 669.467285 -9.879006 -299.761475
3661677163 2000 0.005371 -0.993164 -0.046387 1825.819946 -9.874149 -211.410721
3661679163 2000 0.010742 -0.996094 -0.039551 912.909973 -9.845107 -247.950851
3661681163 2000 0.011230 -0.995117 -0.048340 873.218201 -9.854769 -202.868881
3661683171 2008 0.011230 -1.000977 -0.031738 873.218201 -9.797083 -308.984924
3661685171 2000 0.000000 -0.999023 -0.042480 inf -9.816236 -230.850800
3661687174 2003 0.009277 -0.989258 -0.041504 1057.053589 -9.913138 -236.282578
3661689174 2000 0.013672 -0.998047 -0.043945 717.286377 -9.825841 -223.155762
3661691174 2000 0.004395 -0.997559 -0.043457 2231.557617 -9.830650 -225.663132
3661693193 2019 0.009766 -0.999512 -0.039062 1004.200989 -9.811440 -251.050247
3661695193 2000 0.007812 -0.994141 -0.043945 1255.251221 -9.864450 -223.155762
3661697193 2000 0.008789 -0.993164 -0.047852 1115.778809 -9.874149 -204.938965
3661699193 2000 0.007324 -0.992676 -0.048340 1338.934570 -9.879006 -202.868881
3661701193 2000 0.005371 -0.990723 -0.037109 1825.819946 -9.898481 -264.263397
3661703193 2000 0.011230 -0.997559 -0.033691 873.218201 -9.830650 -291.072754
3661705193 2000 -0.000488 -0.998535 -0.046875 -20084.019531 -9.821036 -209.208527
3661707193 2000 0.007812 -0.995605 -0.030762 1255.251221 -9.849936 -318.793945
3661709193 2000 0.018555 -0.995117 -0.026855 528.526794 -9.854769 -365.164001
3661711193 2000 0.008301 -1.001465 -0.042480 1181.412842 -9.792306 -230.850800
3661713193 2000 0.008301 -0.996094 -0.035156 1181.412842 -9.845107 -278.944702
3661715193 2000 0.004883 -1.000000 -0.043457 2008.401978 -9.806650 -225.663132
3661717193 2000 0.011719 -0.999023 -0.033691 836.834106 -9.816236 -291.072754
3661719193 2000 0.003418 -0.996582 -0.044922 2869.145508 -9.840283 -218.304550
3661721193 2000 0.003418 -0.993164 -0.036621 2869.145508 -9.874149 -267.786926
3661723193 2000 0.009277 -1.003906 -0.027344 1057.053589 -9.768492 -358.643188
3661725193 2000 0.005371 -0.995117 -0.039062 1825.819946 -9.854769 -251.050247
3661727193 2000 0.005859 -0.995605 -0.026855 1673.668213 -9.849936 -365.164001
3661729193 2000 0.011230 -0.993652 -0.052246 873.218201 -9.869297 -187.701111
3661731193 2000 0.005859 -1.001953 -0.039551 1673.668213 -9.787534 -247.950851
3661733211 2018 0.003418 -0.996582 -0.051270 2869.145508 -9.840283 -191.276367
3661735220 2009 0.003418 -0.996094 -0.042480 2869.145508 -9.845107 -230.850800
3661737220 2000 0.003418 -0.997559 -0.042480 2869.145508 -9.830650 -230.850800
3661739232 2012 0.007812 -0.986328 -0.041504 1255.251221 -9.942584 -236.282578
3661741232 2000 0.012695 -0.995117 -0.034180 772.462280 -9.854769 -286.914551
3661743232 2000 0.000000 -0.996094 -0.034668 inf -9.845107 -282.873505
3661745232 2000 0.015137 -0.994141 -0.033691 647.871521 -9.864450 -291.072754
3661747232 2000 0.004395 -0.991211 -0.032227 2231.557617 -9.893605 -304.303314
3661749232 2000 0.005859 -0.992676 -0.031250 1673.668213 -9.879006 -313.812805
3661751232 2000 -0.002441 -0.996582 -0.059082 -4016.803955 -9.840283 -165.983627
3661753232 2000 0.006348 -0.996582 -0.022949 1544.924561 -9.840283 -427.319550
3661755232 2000 0.002930 -0.998047 -0.040039 3347.336426 -9.825841 -244.927063
3661757232 2000 0.007812 -0.993652 -0.032715 1255.251221 -9.869297 -299.761475
3661759232 2000 0.006348 -0.993652 -0.036621 1544.924561 -9.869297 -267.786926
3661761232 2000 0.012695 -0.997070 -0.027832 772.462280 -9.835464 -352.351227
3661763232 2000 0.008789 -0.999512 -0.031738 1115.778809 -9.811440 -308.984924
3661765232 2000 0.008789 -0.992676 -0.044434 1115.778809 -9.879006 -220.703506
3661767232 2000 0.006836 -0.997559 -0.033691 1434.572754 -9.830650 -291.072754
3661769232 2000 0.003906 -0.996094 -0.036621 2510.502441 -9.845107 -267.786926
3661771232 2000 0.008789 -0.992188 -0.052246 1115.778809 -9.883867 -187.701111
3661773232 2000 0.008789 -0.990723 -0.041016 1115.778809 -9.898481 -239.095474
3661775232 2000 0.011230 -0.996582 -0.041504 873.218201 -9.840283 -236.282578
3661777232 2000 0.007324 -0.998047 -0.037598 1338.934570 -9.825841 -260.831421
3661779232 2000 0.016113 -0.992676 -0.043457 608.606628 -9.879006 -225.663132
3661781243 2011 0.007812 -0.994141 -0.042969 1255.251221 -9.864450 -228.227493
3661783243 2000 0.005371 -1.001465 -0.039062 1825.819946 -9.792306 -251.050247
3661785255 2012 0.000488 -0.996582 -0.042969 20084.019531 -9.840283 -228.227493
3661787255 2000 0.007812 -0.989258 -0.034180 1255.251221 -9.913138 -286.914551
3661789255 2000 -0.000977 -0.996094 -0.043457 -10042.009766 -9.845107 -225.663132
3661791255 2000 0.005371 -0.992188 -0.037109 1825.819946 -9.883867 -264.263397
3661793255 2000 -0.003418 -0.987793 -0.041016 -2869.145508 -9.927839 -239.095474
3661795255 2000 0.003906 -0.998535 -0.027832 2510.502441 -9.821036 -352.351227
3661797255 2000 0.015137 -0.991699 -0.042480 647.871521 -9.888734 -230.850800
3661799255 2000 0.000000 -0.994141 -0.042480 inf -9.864450 -230.850800
3661801255 2000 0.000000 -0.991211 -0.048828 inf -9.893605 -200.840195
3661803255 2000 0.001465 -0.992188 -0.042969 6694.672852 -9.883867 -228.227493
3661805255 2000 0.000488 -0.998047 -0.051270 20084.019531 -9.825841 -191.276367
3661807255 2000 0.000000 -0.986328 -0.049805 inf -9.942584 -196.902145
3661809255 2000 0.001953 -0.996582 -0.041016 5021.004883 -9.840283 -239.095474
3661811255 2000 0.002930 -0.992676 -0.041504 3347.336426 -9.879006 -236.282578
3661813255 2000 -0.003418 -1.001953 -0.034180 -2869.145508 -9.787534 -286.914551
3661815255 2000 -0.000488 -0.999512 -0.037109 -20084.019531 -9.811440 -264.263397
3661817255 2000 0.004395 -0.988770 -0.039551 2231.557617 -9.918035 -247.950851
3661819255 2000 -0.000977 -0.995605 -0.042969 -10042.009766 -9.849936 -228.227493
3661821255 2000 0.003418 -1.000488 -0.036133 2869.145508 -9.801864 -271.405670
3661823269 2014 0.001465 -1.000488 -0.033203 6694.672852 -9.801864 -295.353210
3661825286 2017 -0.008301 -1.001953 -0.031250 -1181.412842 -9.787534 -313.812805
3661827286 2000 -0.004883 -0.987793 -0.025879 -2008.401978 -9.927839 -378.943756
3661829286 2000 -0.001953 -0.998047 -0.040527 -5021.004883 -9.825841 -241.976135
3661831286 2000 0.000488 -0.995605 -0.030273 20084.019531 -9.849936 -323.935760
3661833286 2000 0.000488 -0.995117 -0.033203 20084.019531 -9.854769 -295.353210
3661835286 2000 -0.006348 -0.992188 -0.039062 -1544.924561 -9.883867 -251.050247
3661837286 2000 0.000488 -0.997070 -0.037109 20084.019531 -9.835464 -264.263397
3661839286 2000 0.008789 -0.993652 -0.022949 1115.778809 -9.869297 -427.319550
3661841286 2000 0.004395 -0.993652 -0.031738 2231.557617 -9.869297 -308.984924
3661843286 2000 0.008789 -0.998535 -0.026367 1115.778809 -9.821036 -371.926270
3661845286 2000 0.009277 -0.990234 -0.042969 1057.053589 -9.903362 -228.227493
3661847286 2000 0.008301 -0.991211 -0.025879 1181.412842 -9.893605 -378.943756
3661849286 2000 0.010254 -0.998535 -0.036133 956.381897 -9.821036 -271.405670
3661851286 2000 0.010254 -0.995117 -0.037598 956.381897 -9.854769 -260.831421
3661853286 2000 0.009766 -0.996582 -0.023926 1004.200989 -9.840283 -409.877930
3661855286 2000 0.017578 -0.991699 -0.038086 557.889404 -9.888734 -257.487427
3661857286 2000 0.010742 -0.996094 -0.053711 912.909973 -9.845107 -182.582001
3661859286 2000 0.009766 -0.989258 -0.041992 1004.200989 -9.913138 -233.535110
3661861286 2000 0.016113 -1.002930 -0.029297 608.606628 -9.778004 -334.733643
3661863286 2000 0.012695 -0.995117 -0.029297 772.462280 -9.854769 -334.733643
3661865286 2000 0.021484 -0.997070 -0.036621 456.454987 -9.835464 -267.786926
3661867316 2030 0.007324 -0.999512 -0.040527 1338.934570 -9.811440 -241.976135
3661869316 2000 0.007812 -0.985352 -0.038086 1255.251221 -9.952437 -257.487427
3661871334 2018 0.017578 -1.000000 -0.040039 557.889404 -9.806650 -244.927063
3661873334 2000 0.017578 -0.995605 -0.041016 557.889404 -9.849936 -239.095474
3661875334 2000 0.015137 -0.992188 -0.036621 647.871521 -9.883867 -267.786926
3661877334 2000 0.010254 -0.995605 -0.044434 956.381897 -9.849936 -220.703506
3661879334 2000 0.018066 -0.991211 -0.042969 542.811340 -9.893605 -228.227493
3661881334 2000 0.004395 -0.987793 -0.043945 2231.557617 -9.927839 -223.155762
3661883334 2000 0.017578 -0.993652 -0.044434 557.889404 -9.869297 -220.703506
3661885334 2000 0.020020 -0.984863 -0.045898 489.854126 -9.957372 -213.659775
3661887334 2000 0.007324 -0.995605 -0.037109 1338.934570 -9.849936 -264.263397
3661889334 2000 0.011230 -0.995117 -0.037109 873.218201 -9.854769 -264.263397
3661891334 2000 0.013672 -0.996582 -0.042969 717.286377 -9.840283 -228.227493
3661893334 2000 0.023438 -0.987793 -0.045410 418.417053 -9.927839 -215.957199
3661895334 2000 0.008789 -0.992676 -0.039551 1115.778809 -9.879006 -247.950851
3661897334 2000 0.009766 -0.990234 -0.035645 1004.200989 -9.903362 -275.123566
3661899334 2000 0.014648 -1.001465 -0.023438 669.467285 -9.792306 -418.417053
3661901334 2000 0.011719 -0.998535 -0.038086 836.834106 -9.821036 -257.487427
3661903334 2000 0.011230 -0.999512 -0.041504 873.218201 -9.811440 -236.282578
3661905334 2000 0.009766 -0.999023 -0.041016 1004.200989 -9.816236 -239.095474
3661907334 2000 0.015137 -0.993164 -0.047363 647.871521 -9.874149 -207.051743
3661909334 2000 0.013184 -0.996094 -0.040527 743.852539 -9.845107 -241.976135
3661911334 2000 0.013672 -0.989746 -0.041992 717.286377 -9.908248 -233.535110
3661913334 2000 0.006836 -1.006348 -0.036621 1434.572754 -9.744793 -267.786926
3661915334 2000 0.007812 -0.993164 -0.030762 1255.251221 -9.874149 -318.793945
3661917334 2000 0.019043 -0.988281 -0.050293 514.974854 -9.922935 -194.990479
3661919334 2000 0.012207 -0.989258 -0.037598 803.360779 -9.913138 -260.831421
3661921334 2000 0.010742 -0.993652 -0.034180 912.909973 -9.869297 -286.914551
3661923334 2000 0.007812 -0.996094 -0.036621 1255.251221 -9.845107 -267.786926
3661925334 2000 0.016602 -0.990723 -0.046387 590.706421 -9.898481 -211.410721
3661927334 2000 0.011230 -0.988770 -0.049805 873.218201 -9.918035 -196.902145
3661929334 2000 -0.006348 -0.988281 -0.050781 -1544.924561 -9.922935 -193.115570
3661931334 2000 0.008301 -0.995117 -0.052246 1181.412842 -9.854769 -187.701111
3661933334 2000 0.010254 -0.990723 -0.050293 956.381897 -9.898481 -194.990479
3661935334 2000 0.003418 -0.989258 -0.036621 2869.145508 -9.913138 -267.786926
3661937334 2000 0.004395 -0.988770 -0.038086 2231.557617 -9.918035 -257.487427
3661939334 2000 0.007812 -0.991699 -0.045410 1255.251221 -9.888734 -215.957199
3661941334 2000 0.005859 -1.003418 -0.040527 1673.668213 -9.773246 -241.976135
3661943334 2000 0.005859 -0.992676 -0.043457 1673.668213 -9.879006 -225.663132
3661945334 2000 -0.002930 -0.992188 -0.045898 -3347.336426 -9.883867 -213.659775
3661947334 2000 -0.006348 -0.990723 -0.036621 -1544.924561 -9.898481 -267.786926
3661949334 2000 0.006348 -1.001953 -0.034668 1544.924561 -9.787534 -282.873505
3661951334 2000 -0.005859 -1.004883 -0.031738 -1673.668213 -9.758999 -308.984924
3661953334 2000 0.000488 -1.003418 -0.035645 20084.019531 -9.773246 -275.123566
3661955334 2000 0.000488 -0.990723 -0.044922 20084.019531 -9.898481 -218.304550
3661957334 2000 -0.004395 -0.993164 -0.038086 -2231.557617 -9.874149 -257.487427
3661959334 2000 -0.001953 -0.999023 -0.039062 -5021.004883 -9.816236 -251.050247
3661961334 2000 0.004395 -0.991211 -0.042969 2231.557617 -9.893605 -228.227493
3661963334 2000 -0.007812 -0.995605 -0.029297 -1255.251221 -9.849936 -334.733643
3661965334 2000 -0.005859 -0.990723 -0.035645 -1673.668213 -9.898481 -275.123566
3661967334 2000 -0.000977 -0.992188 -0.038086 -10042.009766 -9.883867 -257.487427
3661969334 2000 0.000977 -0.991699 -0.037598 10042.009766 -9.888734 -260.831421
3661971334 2000 -0.003418 -0.995605 -0.046875 -2869.145508 -9.849936 -209.208527
3661973334 2000 -0.003418 -1.003906 -0.038574 -2869.145508 -9.768492 -254.228088
3661975334 2000 -0.004883 -0.990723 -0.037598 -2008.401978 -9.898481 -260.831421
3661977334 2000 -0.002930 -0.990234 -0.035645 -3347.336426 -9.903362 -275.123566
3661979334 2000 -0.001953 -0.989258 -0.030273 -5021.004883 -9.913138 -323.935760
3661981334 2000 0.003906 -0.995605 -0.033203 2510.502441 -9.849936 -295.353210
3661983334 2000 -0.008301 -0.998535 -0.047852 -1181.412842 -9.821036 -204.938965
3661985336 2002 0.005859 -0.992188 -0.045410 1673.668213 -9.883867 -215.957199
3661987336 2000 -0.005859 -0.998047 -0.048828 -1673.668213 -9.825841 -200.840195
3661989336 2000 0.004395 -0.992676 -0.037598 2231.557617 -9.879006 -260.831421
3661991336 2000 -0.000977 -0.999512 -0.027832 -10042.009766 -9.811440 -352.351227
3661993336 2000 -0.007812 -0.990234 -0.051270 -1255.251221 -9.903362 -191.276367
3661995336 2000 0.001953 -0.985840 -0.037598 5021.004883 -9.947508 -260.831421
3661997336 2000 0.003418 -0.998047 -0.041504 2869.145508 -9.825841 -236.282578
3661999336 2000 0.011230 -0.996582 -0.044434 873.218201 -9.840283 -220.703506
3662001336 2000 0.006348 -0.991699 -0.036133 1544.924561 -9.888734 -271.405670
3662003336 2000 0.004883 -0.999512 -0.035156 2008.401978 -9.811440 -278.944702
3662005336 2000 -0.001953 -0.996094 -0.058105 -5021.004883 -9.845107 -168.773270
3662007336 2000 0.011230 -0.997070 -0.035645 873.218201 -9.835464 -275.123566
3662009336 2000 0.009766 -0.992188 -0.031738 1004.200989 -9.883867 -308.984924
3662011336 2000 0.005371 -0.993164 -0.039551 1825.819946 -9.874149 -247.950851
3662013336 2000 0.010254 -0.988770 -0.056641 956.381897 -9.918035 -173.138092
3662015338 2002 0.010254 -0.993164 -0.040527 956.381897 -9.874149 -241.976135
3662017338 2000 0.017090 -1.002930 -0.043457 573.829102 -9.778004 -225.663132
3662019338 2000 0.009766 -0.991699 -0.028809 1004.200989 -9.888734 -340.407104
3662021338 2000 0.010254 -0.987793 -0.039062 956.381897 -9.927839 -251.050247
3662023338 2000 0.017578 -0.996094 -0.029785 557.889404 -9.845107 -329.246246
3662025338 2000 0.007812 -1.003418 -0.031250 1255.251221 -9.773246 -313.812805
3662027338 2000 0.016113 -0.995605 -0.035156 608.606628 -9.849936 -278.944702
3662029338 2000 0.005859 -0.992676 -0.030273 1673.668213 -9.879006 -323.935760
3662031338 2000 0.006836 -0.993164 -0.041504 1434.572754 -9.874149 -236.282578
3662033338 2000 0.015625 -0.991211 -0.048340 627.625610 -9.893605 -202.868881
3662035338 2000 0.012695 -0.989258 -0.044434 772.462280 -9.913138 -220.703506
3662037340 2002 0.012695 -0.995117 -0.041016 772.462280 -9.854769 -239.095474
3662039340 2000 0.008789 -0.989258 -0.025879 1115.778809 -9.913138 -378.943756
3662041340 2000 0.019043 -0.996582 -0.024902 514.974854 -9.840283 -393.804291
3662043340 2000 0.001465 -0.995117 -0.047852 6694.672852 -9.854769 -204.938965
3662045340 2000 0.003906 -0.999512 -0.034180 2510.502441 -9.811440 -286.914551
3662047340 2000 0.006836 -0.997559 -0.036133 1434.572754 -9.830650 -271.405670
3662049340 2000 0.000977 -1.001465 -0.022949 10042.009766 -9.792306 -427.319550
3662051340 2000 0.002930 -0.990723 -0.023926 3347.336426 -9.898481 -409.877930
3662053340 2000 0.011719 -0.993164 -0.040039 836.834106 -9.874149 -244.927063
3662055345 2005 0.008301 -0.997070 -0.025391 1181.412842 -9.835464 -386.231140
3662057345 2000 0.000977 -1.001465 -0.030762 10042.009766 -9.792306 -318.793945
3662059345 2000 0.005371 -0.993652 -0.027832 1825.819946 -9.869297 -352.351227
3662061345 2000 0.001465 -0.995117 -0.033691 6694.672852 -9.854769 -291.072754
3662063345 2000 0.001953 -1.000977 -0.025879 5021.004883 -9.797083 -378.943756
3662065345 2000 0.004883 -1.000488 -0.034668 2008.401978 -9.801864 -282.873505
3662067345 2000 -0.001953 -0.993164 -0.031250 -5021.004883 -9.874149 -313.812805
3662069345 2000 0.004395 -1.000977 -0.027344 2231.557617 -9.797083 -358.643188
3662071345 2000 0.000488 -0.996582 -0.036133 20084.019531 -9.840283 -271.405670
3662073345 2000 -0.002930 -0.994141 -0.022949 -3347.336426 -9.864450 -427.319550
3662075345 2000 0.006836 -0.991699 -0.026855 1434.572754 -9.888734 -365.164001
3662077345 2000 0.000488 -0.980957 -0.036621 20084.019531 -9.997023 -267.786926
3662079345 2000 0.001465 -0.999023 -0.030762 6694.672852 -9.816236 -318.793945
3662081345 2000 -0.000488 -0.996582 -0.034180 -20084.019531 -9.840283 -286.914551
3662083345 2000 -0.007812 -0.996582 -0.023926 -1255.251221 -9.840283 -409.877930
3662085364 2019 -0.003906 -1.003418 -0.037109 -2510.502441 -9.773246 -264.263397
3662087379 2015 -0.007812 -1.003906 -0.035645 -1255.251221 -9.768492 -275.123566
3662089379 2000 -0.005371 -0.990723 -0.038574 -1825.819946 -9.898481 -254.228088
3662091379 2000 -0.005371 -0.994141 -0.038086 -1825.819946 -9.864450 -257.487427
3662093379 2000 -0.004395 -1.000000 -0.040039 -2231.557617 -9.806650 -244.927063
3662095379 2000 -0.011230 -0.990234 -0.041016 -873.218201 -9.903362 -239.095474
3662097379 2000 -0.010742 -0.993164 -0.046387 -912.909973 -9.874149 -211.410721
3662099379 2000 -0.009277 -0.985840 -0.033691 -1057.053589 -9.947508 -291.072754
3662101379 2000 -0.006348 -1.000000 -0.019043 -1544.924561 -9.806650 -514.974854
3662103379 2000 -0.005371 -0.992188 -0.023438 -1825.819946 -9.883867 -418.417053
3662105379 2000 0.004395 -1.000000 -0.032227 2231.557617 -9.806650 -304.303314
3662107379 2000 -0.002441 -1.000000 -0.039551 -4016.803955 -9.806650 -247.950851
3662109379 2000 -0.004883 -0.997070 -0.039551 -2008.401978 -9.835464 -247.950851
3662111379 2000 0.004395 -0.992676 -0.027832 2231.557617 -9.879006 -352.351227
3662113379 2000 0.005371 -0.996094 -0.025879 1825.819946 -9.845107 -378.943756
3662115379 2000 0.004395 -0.992676 -0.040039 2231.557617 -9.879006 -244.927063
3662117379 2000 0.003906 -0.995605 -0.037598 2510.502441 -9.849936 -260.831421
3662119379 2000 0.004395 -0.999023 -0.024902 2231.557617 -9.816236 -393.804291
3662121379 2000 0.010742 -0.996582 -0.034180 912.909973 -9.840283 -286.914551
3662123397 2018 0.008301 -0.993164 -0.040527 1181.412842 -9.874149 -241.976135
3662125397 2000 0.006836 -0.992676 -0.052246 1434.572754 -9.879006 -187.701111
3662127397 2000 0.009277 -0.993164 -0.036621 1057.053589 -9.874149 -267.786926
3662129397 2000 0.008789 -1.004883 -0.036133 1115.778809 -9.758999 -271.405670
3662131397 2000 0.018555 -0.989258 -0.046387 528.526794 -9.913138 -211.410721
3662133397 2000 0.017578 -0.997070 -0.040527 557.889404 -9.835464 -241.976135
3662135397 2000 0.018066 -0.993652 -0.037109 542.811340 -9.869297 -264.263397
3662137397 2000 0.019043 -0.988281 -0.048828 514.974854 -9.922935 -200.840195
3662139397 2000 0.021484 -0.987793 -0.036133 456.454987 -9.927839 -271.405670
3662141397 2000 0.022461 -0.989746 -0.059570 436.609100 -9.908248 -164.623123
3662143397 2000 0.017090 -0.998047 -0.048828 573.829102 -9.825841 -200.840195
3662145397 2000 0.027832 -0.997070 -0.037109 352.351227 -9.835464 -264.263397
3662147397 2000 0.021973 -0.994141 -0.033691 446.311523 -9.864450 -291.072754
3662149397 2000 0.018066 -0.990234 -0.047363 542.811340 -9.903362 -207.051743
3662151397 2000 0.030273 -0.998047 -0.051758 323.935760 -9.825841 -189.471878
3662153410 2013 0.018555 -0.987793 -0.038574 528.526794 -9.927839 -254.228088
3662155429 2019 0.015625 -0.995605 -0.050781 627.625610 -9.849936 -193.115570
3662157429 2000 0.024414 -0.992188 -0.050781 401.680389 -9.883867 -193.115570
3662159429 2000 0.010254 -0.990723 -0.052734 956.381897 -9.898481 -185.963135
3662161429 2000 0.027832 -0.996094 -0.044922 352.351227 -9.845107 -218.304550
3662163429 2000 0.020508 -0.991699 -0.057617 478.190948 -9.888734 -170.203552
3662165429 2000 0.020020 -0.991211 -0.052246 489.854126 -9.893605 -187.701111
3662167429 2000 0.018555 -0.996582 -0.045898 528.526794 -9.840283 -213.659775
3662169429 2000 0.019043 -0.990723 -0.044434 514.974854 -9.898481 -220.703506
3662171429 2000 0.017090 -0.999023 -0.042969 573.829102 -9.816236 -228.227493
3662173429 2000 0.012207 -0.990723 -0.053711 803.360779 -9.898481 -182.582001
3662175429 2000 0.018555 -0.995605 -0.049316 528.526794 -9.849936 -198.851669
3662177429 2000 0.010742 -0.988770 -0.053711 912.909973 -9.918035 -182.582001
3662179432 2003 0.015137 -0.994141 -0.063477 647.871521 -9.864450 -154.492462
3662181432 2000 0.008789 -0.995605 -0.051270 1115.778809 -9.849936 -191.276367
3662183432 2000 0.003418 -0.993164 -0.056152 2869.145508 -9.874149 -174.643646
3662185432 2000 0.013672 -0.989746 -0.046875 717.286377 -9.908248 -209.208527
3662187432 2000 0.006348 -0.982910 -0.057129 1544.924561 -9.977158 -171.658279
3662189467 2035 0.006836 -0.993652 -0.045410 1434.572754 -9.869297 -215.957199
3662191467 2000 0.004395 -0.992676 -0.049805 2231.557617 -9.879006 -196.902145
3662193467 2000 0.004395 -0.997559 -0.044922 2231.557617 -9.830650 -218.304550
3662195467 2000 0.000977 -0.998047 -0.028809 10042.009766 -9.825841 -340.407104
3662197467 2000 0.006836 -0.999023 -0.043945 1434.572754 -9.816236 -223.155762
3662199467 2000 0.006348 -0.994141 -0.045410 1544.924561 -9.864450 -215.957199
3662201467 2000 -0.001953 -0.993164 -0.027344 -5021.004883 -9.874149 -358.643188
3662203477 2010 0.006348 -0.995117 -0.039062 1544.924561 -9.854769 -251.050247
3662205477 2000 -0.003418 -0.993652 -0.042969 -2869.145508 -9.869297 -228.227493
3662207477 2000 0.000488 -0.995117 -0.047363 20084.019531 -9.854769 -207.051743
3662209477 2000 -0.004883 -0.998535 -0.034180 -2008.401978 -9.821036 -286.914551
3662211477 2000 0.000000 -1.002441 -0.051758 inf -9.782766 -189.471878
3662213477 2000 -0.003906 -0.990723 -0.050293 -2510.502441 -9.898481 -194.990479
3662215477 2000 -0.008301 -0.996094 -0.032227 -1181.412842 -9.845107 -304.303314
3662217477 2000 -0.008789 -0.997559 -0.039062 -1115.778809 -9.830650 -251.050247
3662219477 2000 0.005371 -0.994141 -0.053223 1825.819946 -9.864450 -184.257065
3662221477 2000 -0.012695 -1.001953 -0.045410 -772.462280 -9.787534 -215.957199
3662223477 2000 -0.007324 -0.997559 -0.042969 -1338.934570 -9.830650 -228.227493
3662225477 2000 -0.007324 -0.990234 -0.040527 -1338.934570 -9.903362 -241.976135
3662227477 2000 0.000488 -0.991699 -0.027832 20084.019531 -9.888734 -352.351227
3662229477 2000 -0.002441 -0.996094 -0.026367 -4016.803955 -9.845107 -371.926270
3662231477 2000 -0.000488 -0.998535 -0.030273 -20084.019531 -9.821036 -323.935760
3662233477 2000 -0.005859 -0.998047 -0.035156 -1673.668213 -9.825841 -278.944702
3662235477 2000 0.000488 -0.994141 -0.032715 20084.019531 -9.864450 -299.761475
3662237477 2000 0.006836 -0.998047 -0.037109 1434.572754 -9.825841 -264.263397
3662239477 2000 0.002930 -1.002441 -0.044922 3347.336426 -9.782766 -218.304550
3662241477 2000 0.002930 -1.001465 -0.038574 3347.336426 -9.792306 -254.228088
3662243477 2000 -0.005371 -0.996094 -0.045898 -1825.819946 -9.845107 -213.659775
3662245477 2000 -0.003906 -0.996582 -0.037109 -2510.502441 -9.840283 -264.263397
3662247477 2000 0.003418 -0.993164 -0.042969 2869.145508 -9.874149 -228.227493
3662249496 2019 0.008301 -0.999512 -0.040527 1181.412842 -9.811440 -241.976135
3662251496 2000 -0.003418 -0.999023 -0.042480 -2869.145508 -9.816236 -230.850800
3662253514 2018 -0.001465 -0.987305 -0.031250 -6694.672852 -9.932750 -313.812805
3662255514 2000 0.003418 -0.988281 -0.033691 2869.145508 -9.922935 -291.072754
3662257514 2000 0.004395 -0.999512 -0.024414 2231.557617 -9.811440 -401.680389
3662259514 2000 0.012695 -0.987793 -0.027344 772.462280 -9.927839 -358.643188
3662261514 2000 0.007324 -0.992188 -0.049805 1338.934570 -9.883867 -196.902145
3662263514 2000 0.003906 -0.987305 -0.038574 2510.502441 -9.932750 -254.228088
3662265514 2000 0.013184 -0.997070 -0.043945 743.852539 -9.835464 -223.155762
3662267534 2020 0.018066 -0.995605 -0.059082 542.811340 -9.849936 -165.983627
3662269534 2000 0.008789 -0.996094 -0.042480 1115.778809 -9.845107 -230.850800
3662271534 2000 0.004395 -0.991699 -0.037109 2231.557617 -9.888734 -264.263397
3662273534 2000 0.017578 -0.988770 -0.023438 557.889404 -9.918035 -418.417053
3662275534 2000 0.013672 -0.997070 -0.039551 717.286377 -9.835464 -247.950851
3662277534 2000 0.022461 -0.988281 -0.043945 436.609100 -9.922935 -223.155762
3662279534 2000 0.017578 -0.995117 -0.048340 557.889404 -9.854769 -202.868881
3662281534 2000 0.013184 -0.995117 -0.040527 743.852539 -9.854769 -241.976135
3662283534 2000 0.015625 -0.995605 -0.047363 627.625610 -9.849936 -207.051743
3662285534 2000 0.023926 -0.986328 -0.056152 409.877930 -9.942584 -174.643646
3662287534 2000 0.007812 -0.994141 -0.052246 1255.251221 -9.864450 -187.701111
3662289534 2000 0.024414 -0.993652 -0.051270 401.680389 -9.869297 -191.276367
3662291534 2000 0.020996 -0.993652 -0.051270 467.070221 -9.869297 -191.276367
3662293534 2000 0.013672 -0.989746 -0.048828 717.286377 -9.908248 -200.840195
3662295534 2000 0.022949 -0.995117 -0.051270 427.319550 -9.854769 -191.276367
3662297537 2003 0.018066 -0.986816 -0.045898 542.811340 -9.937664 -213.659775
3662299537 2000 0.028320 -0.994141 -0.054688 346.276184 -9.864450 -179.321594
3662301537 2000 0.021973 -1.000000 -0.042480 446.311523 -9.806650 -230.850800
3662303537 2000 0.018066 -0.996094 -0.048828 542.811340 -9.845107 -200.840195
3662305537 2000 0.015137 -0.996094 -0.052246 647.871521 -9.845107 -187.701111
3662307537 2000 0.022461 -0.996582 -0.048340 436.609100 -9.840283 -202.868881
3662309537 2000 0.015625 -0.998047 -0.048828 627.625610 -9.825841 -200.840195
3662311537 2000 0.020020 -0.988770 -0.051758 489.854126 -9.918035 -189.471878
3662313537 2000 0.017578 -0.995117 -0.041992 557.889404 -9.854769 -233.535110
3662315537 2000 0.015625 -0.989746 -0.051758 627.625610 -9.908248 -189.471878
3662317569 2032 0.007812 -0.990234 -0.057617 1255.251221 -9.903362 -170.203552
3662319569 2000 0.011230 -0.996582 -0.050781 873.218201 -9.840283 -193.115570
3662321569 2000 0.010742 -1.003418 -0.046387 912.909973 -9.773246 -211.410721
3662323569 2000 0.019531 -1.000977 -0.061035 502.100494 -9.797083 -160.672150
3662325569 2000 0.015625 -0.996582 -0.049316 627.625610 -9.840283 -198.851669
3662327569 2000 0.013184 -0.999512 -0.052734 743.852539 -9.811440 -185.963135
3662329569 2000 0.011719 -0.991211 -0.047363 836.834106 -9.893605 -207.051743
3662331569 2000 0.005371 -0.990234 -0.041992 1825.819946 -9.903362 -233.535110
3662333569 2000 0.010742 -0.992676 -0.054199 912.909973 -9.879006 -180.937103
3662335569 2000 0.009766 -0.992188 -0.047363 1004.200989 -9.883867 -207.051743
3662337569 2000 0.010742 -0.988770 -0.046387 912.909973 -9.918035 -211.410721
3662339569 2000 0.009277 -0.998535 -0.030762 1057.053589 -9.821036 -318.793945
3662341569 2000 0.004395 -0.998047 -0.045410 2231.557617 -9.825841 -215.957199
3662343569 2000 0.009766 -0.989258 -0.034668 1004.200989 -9.913138 -282.873505
3662345569 2000 0.000977 -0.999512 -0.037598 10042.009766 -9.811440 -260.831421
3662347569 2000 0.011719 -0.991211 -0.043457 836.834106 -9.893605 -225.663132
3662349569 2000 0.003418 -0.997070 -0.028320 2869.145508 -9.835464 -346.276184
3662351569 2000 0.009766 -0.993652 -0.038086 1004.200989 -9.869297 -257.487427
3662353569 2000 0.004395 -0.995605 -0.037598 2231.557617 -9.849936 -260.831421
3662355569 2000 0.011230 -0.989746 -0.031250 873.218201 -9.908248 -313.812805
3662357569 2000 -0.005859 -1.002441 -0.044922 -1673.668213 -9.782766 -218.304550
3662359569 2000 0.012695 -0.996094 -0.032227 772.462280 -9.845107 -304.303314
3662361569 2000 -0.006348 -0.988281 -0.040039 -1544.924561 -9.922935 -244.927063
3662363569 2000 -0.004883 -0.998535 -0.022949 -2008.401978 -9.821036 -427.319550
3662365569 2000 0.000000 -0.990723 -0.027832 inf -9.898481 -352.351227
3662367569 2000 0.003906 -0.991211 -0.034668 2510.502441 -9.893605 -282.873505
3662369569 2000 0.000977 -0.989746 -0.039551 10042.009766 -9.908248 -247.950851
3662371569 2000 0.004883 -0.998047 -0.028320 2008.401978 -9.825841 -346.276184
3662373569 2000 -0.005371 -0.999512 -0.035645 -1825.819946 -9.811440 -275.123566
3662375569 2000 -0.002441 -0.998535 -0.037598 -4016.803955 -9.821036 -260.831421
3662377569 2000 -0.004395 -0.985840 -0.020996 -2231.557617 -9.947508 -467.070221
3662379569 2000 -0.007812 -0.996094 -0.029297 -1255.251221 -9.845107 -334.733643
3662381569 2000 -0.008789 -0.993652 -0.030273 -1115.778809 -9.869297 -323.935760
3662383569 2000 -0.004883 -0.998535 -0.029297 -2008.401978 -9.821036 -334.733643
3662385572 2003 -0.001465 -1.000488 -0.029785 -6694.672852 -9.801864 -329.246246
3662387572 2000 -0.005371 -0.998047 -0.028809 -1825.819946 -9.825841 -340.407104
3662389572 2000 -0.004883 -0.989746 -0.025391 -2008.401978 -9.908248 -386.231140
3662391572 2000 -0.022461 -0.996582 -0.023926 -436.609100 -9.840283 -409.877930
3662393572 2000 -0.001953 -0.982910 -0.033203 -5021.004883 -9.977158 -295.353210
3662395572 2000 -0.011230 -0.991699 -0.027344 -873.218201 -9.888734 -358.643188
3662397572 2000 -0.012207 -0.999512 -0.028809 -803.360779 -9.811440 -340.407104
3662399572 2000 -0.003418 -0.997070 -0.028809 -2869.145508 -9.835464 -340.407104
3662401572 2000 -0.015137 -0.997070 -0.018555 -647.871521 -9.835464 -528.526794
3662403572 2000 -0.003418 -0.998535 -0.044922 -2869.145508 -9.821036 -218.304550
3662405572 2000 -0.008789 -1.000000 -0.015137 -1115.778809 -9.806650 -647.871521
3662407572 2000 -0.002441 -1.006348 -0.025879 -4016.803955 -9.744793 -378.943756
3662409572 2000 -0.002441 -1.001953 -0.024414 -4016.803955 -9.787534 -401.680389
3662411572 2000 -0.004395 -0.995605 -0.029297 -2231.557617 -9.849936 -334.733643
3662413572 2000 0.002930 -0.990723 -0.040039 3347.336426 -9.898481 -244.927063
3662415572 2000 0.005371 -1.000488 -0.036621 1825.819946 -9.801864 -267.786926
3662417572 2000 0.000000 -0.998535 -0.039062 inf -9.821036 -251.050247
3662419572 2000 -0.005859 -1.000977 -0.026855 -1673.668213 -9.797083 -365.164001
3662421572 2000 0.007324 -1.000977 -0.031738 1338.934570 -9.797083 -308.984924
3662423572 2000 0.003906 -0.996094 -0.040527 2510.502441 -9.845107 -241.976135
3662425572 2000 0.009277 -0.994141 -0.047363 1057.053589 -9.864450 -207.051743
3662427572 2000 -0.001465 -0.993652 -0.034668 -6694.672852 -9.869297 -282.873505
3662429572 2000 0.006836 -1.001465 -0.045898 1434.572754 -9.792306 -213.659775
3662431572 2000 0.016113 -0.998047 -0.041992 608.606628 -9.825841 -233.535110
3662433572 2000 0.005859 -1.000977 -0.032715 1673.668213 -9.797083 -299.761475
3662435572 2000 0.010742 -0.996094 -0.054199 912.909973 -9.845107 -180.937103
3662437572 2000 0.003906 -0.992188 -0.054688 2510.502441 -9.883867 -179.321594
3662439572 2000 0.009766 -1.003906 -0.043457 1004.200989 -9.768492 -225.663132
3662441572 2000 0.015625 -0.993164 -0.050293 627.625610 -9.874149 -194.990479
3662443572 2000 0.015137 -1.001953 -0.046387 647.871521 -9.787534 -211.410721
3662445572 2000 0.022461 -0.997559 -0.038574 436.609100 -9.830650 -254.228088
3662447572 2000 0.018555 -0.987305 -0.037598 528.526794 -9.932750 -260.831421
3662449572 2000 0.026855 -0.993652 -0.044922 365.164001 -9.869297 -218.304550
3662451572 2000 0.021973 -0.992188 -0.049805 446.311523 -9.883867 -196.902145
3662453572 2000 0.024902 -0.992676 -0.042480 393.804291 -9.879006 -230.850800
3662455572 2000 0.016602 -0.991699 -0.049805 590.706421 -9.888734 -196.902145
3662457572 2000 0.020508 -0.992188 -0.040039 478.190948 -9.883867 -244.927063
3662459572 2000 0.018555 -0.993164 -0.039062 528.526794 -9.874149 -251.050247
3662461572 2000 0.023438 -0.995605 -0.053711 418.417053 -9.849936 -182.582001
3662463572 2000 0.019043 -0.999023 -0.048828 514.974854 -9.816236 -200.840195
3662465577 2005 0.006348 -0.997070 -0.059082 1544.924561 -9.835464 -165.983627
3662467577 2000 0.020020 -0.990234 -0.061035 489.854126 -9.903362 -160.672150
3662469577 2000 0.022461 -0.997559 -0.048828 436.609100 -9.830650 -200.840195
3662471577 2000 0.023926 -0.993652 -0.043457 409.877930 -9.869297 -225.663132
3662473577 2000 0.015137 -1.003418 -0.056152 647.871521 -9.773246 -174.643646
3662475577 2000 0.024414 -0.995117 -0.049316 401.680389 -9.854769 -198.851669
3662477577 2000 0.015137 -0.993164 -0.050293 647.871521 -9.874149 -194.990479
3662479577 2000 0.012695 -0.993652 -0.053223 772.462280 -9.869297 -184.257065
3662481577 2000 0.018555 -0.995605 -0.043457 528.526794 -9.849936 -225.663132
3662483577 2000 0.016602 -1.000977 -0.036621 590.706421 -9.797083 -267.786926
3662485577 2000 0.011719 -0.986816 -0.033203 836.834106 -9.937664 -295.353210
3662487577 2000 0.004883 -0.990723 -0.041504 2008.401978 -9.898481 -236.282578
3662489577 2000 0.016602 -0.990234 -0.045410 590.706421 -9.903362 -215.957199
3662491577 2000 0.008789 -0.997070 -0.040039 1115.778809 -9.835464 -244.927063
3662493577 2000 0.003418 -0.986328 -0.045410 2869.145508 -9.942584 -215.957199
3662495577 2000 0.009766 -0.998535 -0.051270 1004.200989 -9.821036 -191.276367
3662497577 2000 0.013184 -0.992188 -0.042480 743.852539 -9.883867 -230.850800
3662499577 2000 0.007812 -0.993652 -0.042480 1255.251221 -9.869297 -230.850800
3662501577 2000 0.005371 -0.993652 -0.047852 1825.819946 -9.869297 -204.938965
3662503577 2000 0.000977 -0.996582 -0.041016 10042.009766 -9.840283 -239.095474
3662505577 2000 0.003906 -0.993164 -0.030273 2510.502441 -9.874149 -323.935760
3662507577 2000 0.008301 -1.000000 -0.031250 1181.412842 -9.806650 -313.812805
3662509577 2000 0.001465 -1.003906 -0.048340 6694.672852 -9.768492 -202.868881
3662511577 2000 -0.000977 -0.999023 -0.029785 -10042.009766 -9.816236 -329.246246
3662513577 2000 -0.001953 -1.001953 -0.042480 -5021.004883 -9.787534 -230.850800
3662515577 2000 0.004395 -0.991699 -0.042480 2231.557617 -9.888734 -230.850800
3662517577 2000 -0.002441 -0.984863 -0.037598 -4016.803955 -9.957372 -260.831421
3662519577 2000 -0.000488 -1.000000 -0.034668 -20084.019531 -9.806650 -282.873505
3662521581 2004 -0.004395 -0.991699 -0.042480 -2231.557617 -9.888734 -230.850800
3662523581 2000 -0.007324 -0.997070 -0.042480 -1338.934570 -9.835464 -230.850800
3662525593 2012 -0.003906 -0.995117 -0.041016 -2510.502441 -9.854769 -239.095474
3662527593 2000 0.005371 -0.995117 -0.024414 1825.819946 -9.854769 -401.680389
3662529593 2000 0.004395 -0.991699 -0.045410 2231.557617 -9.888734 -215.957199
3662531593 2000 -0.005859 -0.989746 -0.035645 -1673.668213 -9.908248 -275.123566
3662533593 2000 -0.003418 -0.991699 -0.035645 -2869.145508 -9.888734 -275.123566
3662535593 2000 -0.001465 -0.989746 -0.051758 -6694.672852 -9.908248 -189.471878
3662537593 2000 -0.008301 -1.001465 -0.034668 -1181.412842 -9.792306 -282.873505
3662539593 2000 -0.003906 -0.993652 -0.039062 -2510.502441 -9.869297 -251.050247
3662541593 2000 -0.002930 -0.998047 -0.053711 -3347.336426 -9.825841 -182.582001
3662543593 2000 0.001953 -0.994141 -0.041992 5021.004883 -9.864450 -233.535110
3662545593 2000 0.005371 -0.999512 -0.043457 1825.819946 -9.811440 -225.663132
3662547593 2000 -0.001465 -0.992188 -0.035645 -6694.672852 -9.883867 -275.123566
3662549593 2000 0.001465 -0.995117 -0.038574 6694.672852 -9.854769 -254.228088
3662551593 2000 0.006836 -0.992676 -0.030273 1434.572754 -9.879006 -323.935760
3662553593 2000 0.001465 -0.989258 -0.030762 6694.672852 -9.913138 -318.793945
3662555593 2000 0.005859 -1.000488 -0.038574 1673.668213 -9.801864 -254.228088
3662557593 2000 0.003418 -0.997559 -0.032715 2869.145508 -9.830650 -299.761475
3662559593 2000 -0.005859 -0.992676 -0.031738 -1673.668213 -9.879006 -308.984924
3662561593 2000 0.013184 -0.999512 -0.036621 743.852539 -9.811440 -267.786926
3662563593 2000 0.001465 -0.993652 -0.033203 6694.672852 -9.869297 -295.353210
3662565593 2000 0.001953 -0.998047 -0.033691 5021.004883 -9.825841 -291.072754
3662567593 2000 0.002930 -0.993164 -0.041992 3347.336426 -9.874149 -233.535110
3662569593 2000 0.006348 -0.990723 -0.042480 1544.924561 -9.898481 -230.850800
3662571593 2000 0.010254 -0.992188 -0.037109 956.381897 -9.883867 -264.263397
3662573593 2000 0.010254 -0.986816 -0.045410 956.381897 -9.937664 -215.957199
3662575593 2000 -0.001465 -0.994141 -0.046387 -6694.672852 -9.864450 -211.410721
3662577593 2000 0.008789 -1.000488 -0.052246 1115.778809 -9.801864 -187.701111
3662579593 2000 0.007324 -0.997070 -0.044434 1338.934570 -9.835464 -220.703506
3662581593 2000 0.010742 -0.984863 -0.049805 912.909973 -9.957372 -196.902145
3662583593 2000 0.002930 -0.995605 -0.048828 3347.336426 -9.849936 -200.840195
3662585593 2000 0.003418 -0.999512 -0.041992 2869.145508 -9.811440 -233.535110
3662587598 2005 0.004395 -0.987793 -0.041016 2231.557617 -9.927839 -239.095474
3662589598 2000 0.007324 -0.987793 -0.025391 1338.934570 -9.927839 -386.231140
3662591598 2000 -0.000488 -0.994141 -0.033691 -20084.019531 -9.864450 -291.072754
3662593598 2000 0.008789 -0.998535 -0.034180 1115.778809 -9.821036 -286.914551
3662595598 2000 0.008789 -0.987305 -0.031738 1115.778809 -9.932750 -308.984924
3662597598 2000 0.002930 -0.999512 -0.031250 3347.336426 -9.811440 -313.812805
3662599598 2000 0.003418 -0.989746 -0.025391 2869.145508 -9.908248 -386.231140
3662601598 2000 -0.000977 -0.994141 -0.029297 -10042.009766 -9.864450 -334.733643
3662603598 2000 -0.002930 -0.997559 -0.035156 -3347.336426 -9.830650 -278.944702
3662605598 2000 0.005371 -0.999023 -0.033691 1825.819946 -9.816236 -291.072754
3662607599 2001 0.001465 -0.998535 -0.035645 6694.672852 -9.821036 -275.123566
3662609599 2000 0.009277 -1.000000 -0.023926 1057.053589 -9.806650 -409.877930
3662611599 2000 -0.008301 -0.997070 -0.033691 -1181.412842 -9.835464 -291.072754
3662613599 2000 -0.001465 -0.993652 -0.025391 -6694.672852 -9.869297 -386.231140
3662615599 2000 -0.002930 -1.001465 -0.039551 -3347.336426 -9.792306 -247.950851
3662617599 2000 0.001465 -1.000488 -0.020508 6694.672852 -9.801864 -478.190948
3662619599 2000 0.000000 -0.995117 -0.044434 inf -9.854769 -220.703506
3662621609 2010 -0.002930 -1.004883 -0.026855 -3347.336426 -9.758999 -365.164001
3662623609 2000 0.000977 -0.987305 -0.039062 10042.009766 -9.932750 -251.050247
3662625609 2000 0.005371 -0.989746 -0.041504 1825.819946 -9.908248 -236.282578
3662627609 2000 0.003418 -0.997559 -0.027344 2869.145508 -9.830650 -358.643188
3662629609 2000 0.007324 -1.003418 -0.045898 1338.934570 -9.773246 -213.659775
3662631609 2000 0.009766 -1.000000 -0.042969 1004.200989 -9.806650 -228.227493
3662633609 2000 0.015625 -0.991211 -0.042480 627.625610 -9.893605 -230.850800
3662635609 2000 0.007324 -0.988770 -0.037109 1338.934570 -9.918035 -264.263397
3662637609 2000 0.006836 -0.992676 -0.036621 1434.572754 -9.879006 -267.786926
3662639609 2000 0.006348 -0.998535 -0.043945 1544.924561 -9.821036 -223.155762
3662641609 2000 0.006836 -0.997559 -0.048340 1434.572754 -9.830650 -202.868881
3662643609 2000 0.013184 -1.000488 -0.028809 743.852539 -9.801864 -340.407104
3662645609 2000 0.001465 -0.995117 -0.041504 6694.672852 -9.854769 -236.282578
3662647609 2000 0.015137 -0.994141 -0.044922 647.871521 -9.864450 -218.304550
3662649609 2000 0.022461 -0.993652 -0.049316 436.609100 -9.869297 -198.851669
3662651609 2000 0.016602 -0.996582 -0.035156 590.706421 -9.840283 -278.944702
3662653609 2000 0.008301 -0.999023 -0.050293 1181.412842 -9.816236 -194.990479
3662655609 2000 0.019043 -0.990234 -0.041016 514.974854 -9.903362 -239.095474
3662657609 2000 0.017578 -0.988770 -0.040039 557.889404 -9.918035 -244.927063
3662659609 2000 0.018066 -0.997070 -0.052734 542.811340 -9.835464 -185.963135
3662661609 2000 0.019043 -0.992676 -0.047852 514.974854 -9.879006 -204.938965
3662663609 2000 0.010742 -0.988770 -0.044922 912.909973 -9.918035 -218.304550
3662665609 2000 0.019531 -0.995605 -0.046387 502.100494 -9.849936 -211.410721
3662667609 2000 0.015625 -0.993164 -0.050781 627.625610 -9.874149 -193.115570
3662669609 2000 0.018555 -0.992676 -0.057129 528.526794 -9.879006 -171.658279
3662671609 2000 0.020508 -0.991699 -0.041016 478.190948 -9.888734 -239.095474
3662673609 2000 0.017578 -0.988770 -0.041992 557.889404 -9.918035 -233.535110
3662675609 2000 0.018555 -0.987793 -0.049805 528.526794 -9.927839 -196.902145
3662677609 2000 0.020996 -0.990234 -0.037109 467.070221 -9.903362 -264.263397
3662679609 2000 0.020996 -0.992676 -0.035156 467.070221 -9.879006 -278.944702
3662681609 2000 0.022461 -0.994141 -0.041016 436.609100 -9.864450 -239.095474
3662683609 2000 0.018066 -0.993164 -0.032715 542.811340 -9.874149 -299.761475
3662685609 2000 0.019531 -0.989746 -0.029297 502.100494 -9.908248 -334.733643
3662687609 2000 0.018555 -0.999512 -0.030762 528.526794 -9.811440 -318.793945
3662689609 2000 0.018066 -0.994141 -0.040527 542.811340 -9.864450 -241.976135
3662691609 2000 0.020020 -0.988281 -0.040527 489.854126 -9.922935 -241.976135
3662693609 2000 0.024414 -0.987793 -0.049316 401.680389 -9.927839 -198.851669
3662695609 2000 0.020996 -0.993652 -0.048340 467.070221 -9.869297 -202.868881
3662697609 2000 0.019043 -0.993652 -0.034180 514.974854 -9.869297 -286.914551
3662699609 2000 0.020996 -0.992188 -0.040527 467.070221 -9.883867 -241.976135
3662701609 2000 0.012207 -0.999023 -0.040039 803.360779 -9.816236 -244.927063
3662703609 2000 0.012207 -0.988281 -0.037109 803.360779 -9.922935 -264.263397
3662705609 2000 0.026855 -0.994141 -0.038574 365.164001 -9.864450 -254.228088
3662707609 2000 0.017090 -1.001465 -0.046875 573.829102 -9.792306 -209.208527
3662709609 2000 0.013184 -0.990234 -0.044922 743.852539 -9.903362 -218.304550
3662711609 2000 0.006836 -0.989746 -0.037598 1434.572754 -9.908248 -260.831421
3662713609 2000 0.005859 -0.984863 -0.048828 1673.668213 -9.957372 -200.840195
3662715609 2000 0.005371 -0.995117 -0.039062 1825.819946 -9.854769 -251.050247
3662717609 2000 0.006348 -0.994141 -0.050293 1544.924561 -9.864450 -194.990479
3662719609 2000 -0.000977 -0.993652 -0.041016 -10042.009766 -9.869297 -239.095474
3662721609 2000 -0.000488 -0.999512 -0.051758 -20084.019531 -9.811440 -189.471878
3662723609 2000 0.001953 -0.995605 -0.056152 5021.004883 -9.849936 -174.643646
3662725609 2000 -0.005371 -0.996582 -0.046875 -1825.819946 -9.840283 -209.208527
3662727609 2000 -0.001465 -0.991699 -0.039062 -6694.672852 -9.888734 -251.050247
3662729609 2000 0.001953 -0.991699 -0.038086 5021.004883 -9.888734 -257.487427
3662731609 2000 0.004395 -0.998047 -0.023926 2231.557617 -9.825841 -409.877930
3662733609 2000 0.002930 -0.990723 -0.030762 3347.336426 -9.898481 -318.793945
3662735609 2000 -0.001465 -0.997559 -0.041992 -6694.672852 -9.830650 -233.535110
3662737609 2000 0.005371 -0.994141 -0.038574 1825.819946 -9.864450 -254.228088
3662739609 2000 -0.003906 -0.993164 -0.035156 -2510.502441 -9.874149 -278.944702
3662741609 2000 -0.003906 -0.993164 -0.044434 -2510.502441 -9.874149 -220.703506
3662743609 2000 -0.013184 -0.989746 -0.037598 -743.852539 -9.908248 -260.831421
3662745609 2000 -0.005859 -0.991699 -0.037109 -1673.668213 -9.888734 -264.263397
3662747609 2000 0.003418 -0.996582 -0.024902 2869.145508 -9.840283 -393.804291
3662749609 2000 -0.004883 -0.994141 -0.040039 -2008.401978 -9.864450 -244.927063
3662751609 2000 0.005859 -1.001953 -0.041504 1673.668213 -9.787534 -236.282578
3662753609 2000 -0.003906 -0.997559 -0.038086 -2510.502441 -9.830650 -257.487427
3662755609 2000 -0.002930 -0.989746 -0.035645 -3347.336426 -9.908248 -275.123566
3662757609 2000 -0.010742 -0.989258 -0.036133 -912.909973 -9.913138 -271.405670
3662759609 2000 -0.000488 -0.993164 -0.039551 -20084.019531 -9.874149 -247.950851
3662761609 2000 -0.015137 -0.991211 -0.036621 -647.871521 -9.893605 -267.786926
3662763609 2000 -0.002930 -0.987793 -0.039551 -3347.336426 -9.927839 -247.950851
3662765622 2013 -0.009277 -0.993164 -0.030273 -1057.053589 -9.874149 -323.935760
3662767622 2000 -0.005371 -0.990234 -0.027344 -1825.819946 -9.903362 -358.643188
3662769622 2000 -0.006348 -0.996094 -0.045898 -1544.924561 -9.845107 -213.659775
3662771622 2000 -0.012207 -0.984863 -0.037109 -803.360779 -9.957372 -264.263397
3662773622 2000 -0.002441 -0.997070 -0.054199 -4016.803955 -9.835464 -180.937103
3662775622 2000 0.000488 -0.989746 -0.044434 20084.019531 -9.908248 -220.703506
3662777622 2000 -0.004395 -0.996094 -0.039551 -2231.557617 -9.845107 -247.950851
3662779670 2048 0.001953 -0.992676 -0.035156 5021.004883 -9.879006 -278.944702
3662781676 2006 0.004883 -0.992676 -0.045410 2008.401978 -9.879006 -215.957199
3662783676 2000 0.000000 -0.997559 -0.027832 inf -9.830650 -352.351227
3662785676 2000 0.000000 -0.995605 -0.031250 inf -9.849936 -313.812805
3662787676 2000 0.003906 -0.990723 -0.030762 2510.502441 -9.898481 -318.793945
3662789676 2000 0.003906 -0.994141 -0.037109 2510.502441 -9.864450 -264.263397
3662791676 2000 0.000977 -0.996094 -0.037109 10042.009766 -9.845107 -264.263397
3662793676 2000 -0.000977 -0.990234 -0.035645 -10042.009766 -9.903362 -275.123566
3662795676 2000 0.000000 -0.997070 -0.024414 inf -9.835464 -401.680389
3662797676 2000 0.005371 -0.990723 -0.051758 1825.819946 -9.898481 -189.471878
3662799676 2000 0.012695 -0.997070 -0.044434 772.462280 -9.835464 -220.703506
3662801676 2000 0.010254 -0.999023 -0.050293 956.381897 -9.816236 -194.990479
3662803676 2000 0.007812 -1.000000 -0.041016 1255.251221 -9.806650 -239.095474
3662805676 2000 0.004395 -0.998047 -0.044922 2231.557617 -9.825841 -218.304550
3662807676 2000 0.010742 -0.995605 -0.033691 912.909973 -9.849936 -291.072754
3662809676 2000 0.003906 -0.986816 -0.053711 2510.502441 -9.937664 -182.582001
3662811676 2000 0.002930 -0.995117 -0.046875 3347.336426 -9.854769 -209.208527
3662813676 2000 0.014648 -0.999512 -0.054199 669.467285 -9.811440 -180.937103
3662815676 2000 0.015137 -1.001465 -0.042480 647.871521 -9.792306 -230.850800
3662817676 2000 0.013672 -0.997070 -0.056152 717.286377 -9.835464 -174.643646
3662819676 2000 0.006836 -0.987793 -0.041992 1434.572754 -9.927839 -233.535110
3662821676 2000 0.010742 -1.000488 -0.043945 912.909973 -9.801864 -223.155762
3662823676 2000 0.021973 -0.999512 -0.045410 446.311523 -9.811440 -215.957199
3662825694 2018 0.018555 -1.001953 -0.054688 528.526794 -9.787534 -179.321594
3662827694 2000 0.016113 -0.999512 -0.045410 608.606628 -9.811440 -215.957199
3662829694 2000 0.018555 -0.987305 -0.058105 528.526794 -9.932750 -168.773270
3662831694 2000 0.020508 -0.988770 -0.050781 478.190948 -9.918035 -193.115570
3662833694 2000 0.017090 -0.993652 -0.046387 573.829102 -9.869297 -211.410721
3662835694 2000 0.014648 -1.002930 -0.051758 669.467285 -9.778004 -189.471878
3662837694 2000 0.020020 -0.992676 -0.053223 489.854126 -9.879006 -184.257065
3662839694 2000 0.019043 -0.991699 -0.052734 514.974854 -9.888734 -185.963135
3662841694 2000 0.011719 -0.997070 -0.045410 836.834106 -9.835464 -215.957199
3662843694 2000 0.024414 -0.991211 -0.042969 401.680389 -9.893605 -228.227493
3662845694 2000 0.016113 -1.005371 -0.043945 608.606628 -9.754259 -223.155762
3662847694 2000 0.020020 -1.002930 -0.042480 489.854126 -9.778004 -230.850800
3662849694 2000 0.013184 -0.997559 -0.055664 743.852539 -9.830650 -176.175613
3662851694 2000 0.018066 -0.995117 -0.033203 542.811340 -9.854769 -295.353210
3662853712 2018 0.009277 -0.985352 -0.048828 1057.053589 -9.952437 -200.840195
3662855712 2000 0.008789 -0.989746 -0.045898 1115.778809 -9.908248 -213.659775
3662857712 2000 0.013672 -0.998535 -0.035645 717.286377 -9.821036 -275.123566
3662859712 2000 0.012207 -0.999512 -0.042480 803.360779 -9.811440 -230.850800
3662861712 2000 0.005371 -0.997559 -0.038574 1825.819946 -9.830650 -254.228088
3662863712 2000 0.013184 -0.993164 -0.046387 743.852539 -9.874149 -211.410721
3662865712 2000 0.012695 -0.997559 -0.035156 772.462280 -9.830650 -278.944702
3662867712 2000 0.018555 -0.998535 -0.034668 528.526794 -9.821036 -282.873505
3662869712 2000 0.012207 -0.999023 -0.041504 803.360779 -9.816236 -236.282578
3662871712 2000 0.005859 -0.999512 -0.043457 1673.668213 -9.811440 -225.663132
3662873712 2000 0.008301 -0.997559 -0.022461 1181.412842 -9.830650 -436.609100
3662875712 2000 0.000977 -0.998535 -0.045410 10042.009766 -9.821036 -215.957199
3662877712 2000 0.007812 -0.992676 -0.027344 1255.251221 -9.879006 -358.643188
3662879712 2000 0.010742 -0.992188 -0.038574 912.909973 -9.883867 -254.228088
3662881712 2000 0.009766 -0.998535 -0.025391 1004.200989 -9.821036 -386.231140
3662883712 2000 0.013184 -0.996582 -0.020020 743.852539 -9.840283 -489.854126
3662885712 2000 0.005859 -1.007324 -0.030273 1673.668213 -9.735346 -323.935760
3662887712 2000 0.017578 -0.987793 -0.026367 557.889404 -9.927839 -371.926270
3662889712 2000 0.006348 -0.996094 -0.034668 1544.924561 -9.845107 -282.873505
3662891712 2000 0.005371 -0.994141 -0.043945 1825.819946 -9.864450 -223.155762
3662893712 2000 0.009277 -0.996582 -0.023926 1057.053589 -9.840283 -409.877930
3662895712 2000 0.008301 -0.995117 -0.041992 1181.412842 -9.854769 -233.535110
3662897712 2000 0.006836 -0.993164 -0.020020 1434.572754 -9.874149 -489.854126
3662899712 2000 0.004883 -0.991699 -0.023438 2008.401978 -9.888734 -418.417053
3662901712 2000 0.009277 -1.004395 -0.037598 1057.053589 -9.763743 -260.831421
3662903712 2000 0.005371 -0.995117 -0.047852 1825.819946 -9.854769 -204.938965
3662905712 2000 0.001953 -0.988770 -0.022949 5021.004883 -9.918035 -427.319550
3662907712 2000 0.006348 -0.984863 -0.040039 1544.924561 -9.957372 -244.927063
3662909712 2000 0.003418 -0.998535 -0.042480 2869.145508 -9.821036 -230.850800
3662911712 2000 0.003906 -0.988281 -0.031250 2510.502441 -9.922935 -313.812805
3662913712 2000 0.001953 -0.992188 -0.032715 5021.004883 -9.883867 -299.761475
3662915712 2000 0.007324 -0.998535 -0.016113 1338.934570 -9.821036 -608.606628
3662917712 2000 0.005371 -0.991211 -0.031250 1825.819946 -9.893605 -313.812805
3662919712 2000 0.003418 -0.994141 -0.029297 2869.145508 -9.864450 -334.733643
3662921712 2000 0.005859 -0.991211 -0.031250 1673.668213 -9.893605 -313.812805
3662923712 2000 0.000488 -0.995605 -0.032227 20084.019531 -9.849936 -304.303314
3662925712 2000 -0.001465 -0.991211 -0.022949 -6694.672852 -9.893605 -427.319550
3662927712 2000 0.003418 -0.997559 -0.022461 2869.145508 -9.830650 -436.609100
3662929712 2000 0.001465 -0.995117 -0.036133 6694.672852 -9.854769 -271.405670
3662931712 2000 -0.003906 -0.998047 -0.044434 -2510.502441 -9.825841 -220.703506
3662933712 2000 -0.000977 -1.001953 -0.026367 -10042.009766 -9.787534 -371.926270
3662935712 2000 0.005371 -1.001953 -0.041504 1825.819946 -9.787534 -236.282578
3662937712 2000 0.000488 -0.995117 -0.038086 20084.019531 -9.854769 -257.487427
3662939712 2000 0.001953 -0.993652 -0.045898 5021.004883 -9.869297 -213.659775
3662941712 2000 0.000977 -0.998535 -0.030762 10042.009766 -9.821036 -318.793945
3662943712 2000 -0.006348 -0.991699 -0.048340 -1544.924561 -9.888734 -202.868881
3662945712 2000 0.010742 -0.991211 -0.032227 912.909973 -9.893605 -304.303314
3662947712 2000 0.001953 -0.990234 -0.034180 5021.004883 -9.903362 -286.914551
3662949712 2000 0.010742 -0.992676 -0.040039 912.909973 -9.879006 -244.927063
3662951712 2000 0.002930 -0.988281 -0.039551 3347.336426 -9.922935 -247.950851
3662953712 2000 0.004395 -0.998535 -0.036621 2231.557617 -9.821036 -267.786926
3662955712 2000 0.004883 -0.998047 -0.038574 2008.401978 -9.825841 -254.228088
3662957712 2000 0.003418 -0.998047 -0.030762 2869.145508 -9.825841 -318.793945
3662959712 2000 0.009766 -0.996094 -0.038574 1004.200989 -9.845107 -254.228088
