233604220 1 0.003418 0.009766 1.010742 0.005321 0.015963 -0.004257 103.860352 -1.965820 28.079298 1.593383 -0.108844 1.885163
233804220 200000 0.019043 0.003906 1.007812 0.008514 0.014899 -0.004257 103.860352 -1.965820 28.079298 1.409112 -0.148126 1.715896
234004220 200000 0.003906 0.017090 1.026855 0.008514 0.006385 -0.000000 104.748047 -2.144531 29.974220 1.239209 -0.192957 1.555617
234204220 200000 0.012207 0.011719 1.018555 0.011706 0.017028 0.083009 104.392967 -2.501953 30.318752 1.087623 -0.252776 1.420596
234404220 200000 0.013672 0.009766 1.009277 0.009578 0.017028 0.038312 104.392967 -2.501953 30.318752 0.956153 -0.296843 1.304209
234604220 200000 0.000488 0.004395 1.027832 0.004257 0.012771 -0.017028 103.505272 -3.038086 30.146486 0.842433 -0.317140 1.197698
234804220 200000 0.019531 0.003418 1.021484 0.003193 0.010642 -0.008514 105.103127 -2.859375 31.352345 0.744846 -0.330038 1.103592
235004220 200000 0.014160 0.008789 1.018555 0.004257 0.014899 -0.004257 105.103127 -2.859375 31.352345 0.662233 -0.329893 1.018330
235204220 200000 0.022461 -0.001465 1.009277 0.001064 0.011706 -0.006385 104.392967 -0.714844 29.629688 0.592500 -0.323386 0.934529
235404220 200000 0.012695 0.003906 1.011719 0.003193 0.013835 -0.006385 104.392967 -2.501953 30.663282 0.531237 -0.306325 0.857110
235604220 200000 0.015625 0.006348 1.005371 0.003193 0.012771 -0.003193 103.682816 -2.501953 32.730469 0.477964 -0.285637 0.786006
235804220 200000 0.007812 0.008301 1.005859 0.003193 0.015963 -0.010642 104.215431 -0.893555 31.869143 0.433618 -0.259582 0.712994
236004220 200000 0.016602 0.009766 1.001953 0.001064 0.014899 -0.006385 104.215431 -0.893555 31.869143 0.393172 -0.234438 0.643516
236204220 200000 0.016113 0.007812 1.030273 0.002128 0.010642 -0.007450 105.813286 -3.574219 31.007814 0.353341 -0.208781 0.578715
236404220 200000 0.007324 0.012695 1.007812 -0.002128 0.005321 -0.007450 105.813286 -3.574219 31.007814 0.317254 -0.183096 0.517455
236604220 200000 -0.036133 0.001953 1.000488 -0.001064 0.024477 0.354387 104.925591 -2.323242 31.180080 0.271315 -0.168516 0.530680
236804220 200000 0.097168 -0.152344 0.975586 -0.019156 0.037248 2.125256 104.925591 -2.323242 31.180080 0.129728 -0.249236 0.895002
237004220 200000 0.011719 -0.030762 1.011230 0.026606 -0.007450 0.006385 99.776955 -14.296875 30.663282 0.152371 -0.233675 0.795065
237204220 200000 0.012207 0.003906 1.012695 -0.002128 0.007450 0.003193 99.776955 -14.296875 30.663282 0.164267 -0.211993 0.708087
237404220 200000 0.015137 -0.005859 1.025879 0.025541 -0.022349 -0.037248 98.356644 -17.156250 31.696877 0.170258 -0.193888 0.629841
237604220 200000 0.036133 -0.087402 1.043945 0.067046 -0.061725 -2.118870 97.824028 -15.905273 29.801954 0.222381 -0.104752 0.159574
237804220 200000 -0.035645 0.021484 1.029297 -0.008514 -0.004257 -0.699195 101.552345 -11.080078 29.285158 0.190079 -0.049329 0.028885
238004220 200000 0.011230 0.043945 1.015137 0.004257 0.030863 0.469323 103.150200 0.893555 31.524611 0.155624 -0.051732 0.127214
238204220 200000 0.011230 0.006836 1.011719 0.004257 0.007450 -0.012771 103.150200 0.893555 31.524611 0.132502 -0.042539 0.110652
238404220 200000 -0.024414 -0.008789 1.005371 0.004257 0.023413 0.505507 104.925591 -4.110352 31.524611 0.103192 -0.036870 0.206607
238604220 200000 0.109863 0.031250 1.000000 0.000000 0.053211 3.676895 104.925591 -4.110352 31.524611 0.048271 -0.098266 0.891081
238804220 200000 0.039551 0.018066 1.007324 0.046826 -0.004257 -0.305432 94.983398 -20.551758 31.869143 0.097030 -0.104662 0.722011
239004220 200000 0.002930 0.004395 1.039062 -0.002128 0.007450 -0.007450 90.722466 -23.768555 31.180080 0.103977 -0.097220 0.649987
239204220 200000 0.013672 -0.003418 0.990723 -0.005321 -0.023413 -0.673654 90.722466 -23.768555 31.180080 0.114756 -0.081552 0.457412
239404220 200000 -0.055664 -0.073730 1.007812 -0.063853 0.022349 -2.279568 91.432617 -24.125977 29.801954 0.093693 -0.007117 -0.011025
239604220 200000 -0.031738 -0.155273 1.001953 0.000000 0.023413 -1.928374 101.729881 -10.901367 30.835548 0.032991 0.030826 -0.364246
239804220 200000 0.012207 -0.008301 1.011719 0.014899 0.015963 0.142606 101.729881 -10.901367 30.835548 0.005024 0.023188 -0.250539
240004220 200000 0.022949 0.012207 1.020020 -0.001064 0.012771 -0.005321 104.570511 0.893555 30.146486 -0.005809 0.015373 -0.206961
240204220 200000 0.013184 -0.006836 1.011719 0.004257 0.011706 0.223487 104.215431 -2.680664 29.457424 -0.015949 0.011724 -0.120147
240404220 200000 0.023438 0.010742 1.008301 0.000000 0.000000 -0.014899 104.215431 -2.680664 29.457424 -0.017850 0.004421 -0.097046
240604220 200000 0.013672 0.001953 1.020020 0.007450 0.012771 0.003193 104.392967 -1.429688 31.352345 -0.018131 0.003195 -0.077232
240804220 200000 0.014160 0.009766 1.007324 -0.005321 0.006385 -0.002128 104.392967 -3.574219 31.007814 -0.019392 0.000919 -0.058307
241004220 200000 0.013184 0.014160 1.017578 -0.001064 0.005321 -0.010642 105.280663 -1.965820 29.801954 -0.016720 -0.000906 -0.047293
241204220 200000 -0.029785 -0.137207 1.033691 -0.018092 0.051083 3.335279 103.682816 -4.646484 31.007814 -0.036936 0.033195 0.609932
241404220 200000 0.061035 0.046387 0.995117 0.012771 0.012771 1.788961 89.657227 -24.125977 30.146486 0.009353 0.015141 0.899702
241604220 200000 0.004395 0.011719 1.023926 0.004257 0.019156 -0.009578 89.657227 -24.125977 30.146486 0.040451 -0.002353 0.789672
241804220 200000 0.005371 -0.013672 1.007324 -0.005321 0.010642 -0.013835 88.769531 -25.019531 31.007814 0.054140 -0.015117 0.700563
242004220 200000 0.006348 -0.000488 1.020020 0.002128 0.013835 -0.004257 87.526756 -25.555664 31.180080 0.064899 -0.021779 0.630750
242204220 200000 0.010742 -0.007812 1.015625 0.004257 0.011706 -0.002128 86.461525 -25.555664 30.835548 0.068802 -0.026005 0.574401
242404220 200000 -0.001465 -0.014648 1.001465 0.000000 0.010642 -0.008514 86.461525 -25.555664 30.835548 0.066802 -0.025358 0.526853
242604220 200000 -0.001953 -0.013672 1.012695 0.008514 0.009578 -0.004257 86.283989 -26.449219 30.318752 0.063871 -0.023228 0.489779
242804220 200000 0.011719 -0.012207 1.019043 0.000000 0.011706 -0.007450 89.302147 -25.913086 31.869143 0.059264 -0.022990 0.455991
243004220 200000 0.041016 0.017578 1.046875 -0.027670 -0.003193 -0.881178 89.302147 -26.270508 29.112892 0.057012 -0.019849 0.254254
243204220 200000 -0.018555 0.028809 0.997070 -0.393763 -0.018092 -1.528226 89.302147 -26.270508 29.112892 -0.025267 -0.009846 -0.039226
243404220 200000 0.036621 -0.007324 1.010742 0.214973 -0.258606 -0.826902 98.534180 -14.833008 30.146486 0.016277 -0.067464 -0.171104
243604220 200000 0.025879 -0.014160 0.961426 0.043633 0.276698 -0.635342 102.617577 -8.935547 28.251564 0.008586 -0.003106 -0.249272
243804220 200000 -0.034668 -0.059082 1.043457 0.076624 0.076624 -0.046826 103.150200 -5.897461 30.491016 -0.005169 0.018148 -0.203034
244004220 200000 0.019531 0.010254 1.024414 -0.011706 0.003193 -0.015963 103.150200 -5.897461 30.491016 -0.017802 0.010687 -0.159179
244204220 200000 0.007812 0.010742 1.017578 0.003193 0.011706 0.001064 103.682816 -7.148438 31.696877 -0.023515 0.008917 -0.118730
244404220 200000 0.014160 0.002930 1.005859 0.004257 0.010642 -0.003193 103.505272 -5.897461 31.869143 -0.026625 0.006194 -0.088885
244604220 200000 0.038574 0.011719 1.013184 0.007450 0.012771 -0.001064 103.860352 -4.467773 31.180080 -0.024293 -0.000228 -0.066572
244804220 200000 0.014160 0.000977 1.009277 -0.002128 0.020220 -0.008514 103.860352 -4.467773 31.180080 -0.025293 0.000953 -0.049759
245004220 200000 0.012207 0.000488 1.003906 -0.001064 0.003193 -0.008514 104.925591 -6.254883 30.146486 -0.025777 -0.001036 -0.032762
245204220 200000 0.012695 -0.013184 1.027832 0.010642 0.018092 0.005321 101.907425 -5.003906 29.974220 -0.025067 0.000373 -0.018240
245404220 200000 -0.009766 0.009277 1.016113 -0.003193 0.019156 -0.018092 102.440041 -5.182617 30.146486 -0.022197 0.005957 -0.010711
245604220 200000 0.015137 0.012207 1.026367 0.005321 0.012771 -0.009578 102.262505 -6.791016 30.663282 -0.018164 0.004427 0.000180
245804220 200000 0.013184 0.009277 1.004883 0.012771 0.011706 -0.004257 102.262505 -6.791016 30.663282 -0.013462 0.003348 0.010367
246004220 200000 0.061035 -0.170898 0.947754 0.032991 0.059597 -0.487415 105.813286 -6.076172 31.352345 -0.041715 -0.000438 -0.079073
246204220 200000 -0.077637 0.089844 1.150391 0.057468 -0.005321 -2.278504 103.505272 -2.680664 29.801954 -0.011344 -0.000636 -0.509884
246404220 200000 -0.051270 0.083496 1.009766 0.011706 0.015963 0.214973 101.907425 14.296875 29.285158 -0.008063 0.006885 -0.400304
246604220 200000 0.020996 0.001953 1.019043 0.001064 0.014899 -0.020220 101.729881 14.118164 29.801954 -0.018984 0.000996 -0.357002
246804220 200000 0.012695 0.008789 1.011230 -0.005321 0.005321 0.001064 101.729881 14.118164 29.801954 -0.025489 -0.003291 -0.317857
247004220 200000 0.017090 0.004883 1.014160 0.008514 0.013835 -0.001064 102.262505 13.224609 29.285158 -0.027041 -0.005344 -0.284849
247204220 200000 0.002441 0.030273 1.015625 0.024477 0.021284 0.017028 103.860352 13.045898 29.801954 -0.018686 -0.002229 -0.253742
247404220 200000 0.018066 0.004395 1.006836 -0.004257 0.006385 0.013835 102.972656 12.152344 30.318752 -0.021871 -0.005288 -0.227119
247604220 200000 0.013672 0.009766 1.020020 0.006385 0.009578 0.058532 101.907425 11.080078 31.352345 -0.020602 -0.005821 -0.195222
247804220 200000 0.008789 0.001953 1.021973 0.015963 0.021284 0.135156 101.907425 11.080078 31.352345 -0.017487 -0.002335 -0.153796
248004220 200000 0.023438 0.030762 1.024902 -0.007450 0.023413 0.449103 104.570511 10.543945 30.491016 -0.012238 -0.000751 -0.055628
248204220 200000 0.003418 0.046875 1.000000 0.000000 0.008514 0.858829 103.327736 7.863281 29.974220 0.000772 0.001518 0.110782
248404220 200000 0.004395 -0.021973 1.050781 0.005321 0.022349 0.959930 103.860352 1.250977 30.146486 0.004527 0.004053 0.279330
248604220 200000 -0.008301 -0.021973 1.022461 0.008514 0.017028 0.235194 103.860352 1.250977 30.146486 0.016301 0.006020 0.273683
248804220 200000 0.023438 0.011230 1.020508 -0.003193 0.013835 -0.001064 103.682816 -4.646484 31.352345 0.026584 0.001298 0.232922
249004220 200000 0.009277 0.006348 1.026367 -0.001064 0.012771 -0.011706 103.150200 -3.038086 31.524611 0.032976 0.000518 0.195325
249204220 200000 0.010254 -0.002930 1.029297 0.004257 0.008514 -0.002128 103.150200 -3.038086 30.491016 0.035038 -0.000804 0.166500
249404220 200000 0.008301 0.010254 1.018555 0.009578 0.010642 -0.004257 103.150200 -3.038086 30.491016 0.038756 -0.000770 0.142618
249604220 200000 0.014648 -0.000488 1.026367 0.004257 0.010642 -0.010642 102.795120 -3.395508 31.524611 0.037211 -0.001766 0.122845
249804220 200000 0.007324 0.002930 1.014648 0.007450 0.008514 0.001064 103.860352 -3.752930 29.112892 0.035785 -0.001501 0.109074
250004220 200000 0.026367 0.013184 1.017578 0.000000 0.022349 -0.006385 103.860352 -3.752930 29.112892 0.034469 -0.002090 0.096371
250204220 200000 0.016113 0.003418 1.013672 0.002128 0.012771 -0.005321 104.925591 -3.752930 30.835548 0.031417 -0.002448 0.086169
250404220 200000 0.028320 0.009277 1.012207 0.007450 0.010642 -0.001064 105.635742 -4.110352 30.835548 0.030512 -0.005507 0.079051
250604220 200000 0.016602 0.006836 1.023438 0.004257 0.010642 -0.006385 105.103127 -3.931641 30.318752 0.028370 -0.005579 0.071850
250804220 200000 0.014648 -0.000000 1.009766 0.002128 0.013835 -0.006385 104.392967 -5.718750 30.318752 0.023628 -0.004585 0.069066
251004220 200000 0.014160 0.010742 1.018555 0.006385 0.011706 -0.006385 102.972656 -5.003906 29.974220 0.023017 -0.004107 0.065372
251204220 200000 0.016113 0.009277 1.017578 0.006385 0.008514 -0.006385 102.972656 -5.003906 29.974220 0.022057 -0.004730 0.062304
251404220 200000 0.017090 0.001465 1.031738 0.004257 0.011706 -0.003193 104.570511 -3.395508 30.835548 0.020066 -0.004789 0.057480
251604220 200000 0.013184 0.009766 1.020020 0.000000 0.013835 -0.005321 104.392967 -4.289062 31.352345 0.018539 -0.003646 0.054600
251804220 200000 0.019531 0.013184 1.023438 0.004257 0.010642 -0.005321 104.392967 -4.289062 31.352345 0.018686 -0.004577 0.052136
252004220 200000 0.016113 0.007324 1.013184 0.007450 0.011706 -0.005321 104.748047 -4.646484 30.663282 0.018009 -0.004465 0.050711
252204220 200000 0.016113 0.008301 1.012695 0.003193 0.011706 -0.008514 104.925591 -4.467773 30.146486 0.016845 -0.004368 0.048526
252404220 200000 0.014160 -0.003418 1.019043 0.005321 0.012771 -0.008514 104.037895 -4.289062 31.007814 0.014019 -0.003683 0.046477
252604220 200000 0.025391 0.006348 1.017578 0.006385 0.011706 -0.009578 104.037895 -4.289062 31.007814 0.013801 -0.005527 0.044414
252804220 200000 0.015625 0.007812 1.007812 0.005321 0.013835 -0.008514 105.103127 -3.574219 31.352345 0.014001 -0.004725 0.041622
253004220 200000 0.030762 0.026367 1.032227 -0.079817 -0.046826 -0.003193 103.682816 -4.289062 30.663282 0.000143 -0.018991 0.041658
253204220 200000 0.019531 0.028809 0.998047 0.003193 0.014899 -0.009578 103.682816 -4.289062 30.663282 0.006489 -0.016103 0.039644
253404220 200000 0.004883 -0.003906 1.019531 0.007450 0.010642 -0.002128 103.682816 -4.289062 30.663282 0.005714 -0.011711 0.039961
253604220 200000 0.011230 0.010254 1.015625 0.003193 0.011706 -0.003193 103.150200 -4.825195 31.180080 0.006725 -0.009208 0.040905
253804220 200000 0.038086 0.076660 0.992676 0.022349 0.002128 0.055340 103.860352 -4.467773 30.491016 0.024689 -0.014682 0.052524
254004220 200000 -0.004395 0.044434 0.988281 0.133028 0.022349 0.055340 102.972656 -4.289062 30.318752 0.055238 -0.006876 0.063096
254204220 200000 0.114746 0.037598 0.997559 0.052147 -0.361836 -0.006385 102.972656 -4.289062 30.318752 0.062735 -0.099958 0.056554
254404220 200000 -0.033203 0.057129 1.031738 0.013835 0.574681 -0.024477 104.748047 -5.003906 29.285158 0.063295 0.040671 0.060993
254604220 200000 0.051270 0.012695 0.999023 -0.019156 -0.361836 -0.055340 103.327736 -3.574219 33.419533 0.049876 -0.048874 0.044388
254804220 200000 0.008301 0.063965 1.050781 -0.027670 0.130900 -0.021284 102.795120 -2.680664 31.869143 0.046687 -0.014443 0.040897
255004220 200000 0.060059 0.019043 1.031250 -0.027670 -0.247964 -0.011706 102.795120 -2.680664 31.869143 0.035733 -0.072343 0.036611
255204220 200000 0.156250 0.028320 1.071289 -0.014899 0.244772 -0.020220 105.280663 -4.467773 30.146486 0.029973 -0.037626 0.037466
255404220 200000 -0.437988 0.034180 0.958496 0.025541 2.993663 -0.059597 103.860352 -4.110352 32.558205 0.038880 0.624749 0.048681
255604220 200000 -0.557129 0.035156 0.859375 -0.001064 -0.278827 -0.064918 85.573830 -3.216797 44.789066 0.029074 0.557554 0.031614
255804220 200000 -0.509277 0.028809 0.888672 0.002128 0.105358 0.040441 88.236916 -2.680664 43.583206 0.035878 0.570067 0.044092
256004220 200000 -0.337891 0.053711 0.975586 -0.002128 -2.375349 0.086202 89.479691 -3.216797 43.410938 0.038828 0.060800 0.046312
256204220 200000 0.221191 0.059570 0.951172 0.107487 -1.129142 0.055340 98.356644 -2.859375 37.209377 0.065151 -0.219531 0.044460
256404220 200000 -0.004395 0.027344 1.049316 -0.044697 0.717287 -0.050019 105.458206 -3.216797 28.596096 0.048116 -0.032393 0.045270
256604220 200000 0.101562 0.039551 1.028809 0.011706 -0.174533 -0.003193 103.682816 -2.501953 29.629688 0.049034 -0.080113 0.041693
256804221 200001 0.036621 0.047363 1.020996 0.009578 0.044697 -0.013835 103.682816 -2.501953 29.629688 0.050677 -0.062218 0.038965
257004222 200001 0.060547 0.020020 0.999023 0.015963 -0.012771 -0.019156 103.505272 -3.395508 27.045704 0.047523 -0.064137 0.036837
257204223 200001 0.114258 0.016602 0.982910 0.003193 3.099021 -0.004257 103.505272 -3.395508 27.045704 0.049115 0.526422 0.067586
257404224 200001 -0.563477 -0.080078 0.229980 -0.030863 -0.733250 -0.046826 85.041214 -4.110352 41.860550 -0.000119 0.499507 0.031573
257604225 200001 -0.413086 0.053711 1.002930 -0.027670 -0.192625 -0.026606 85.041214 -4.110352 41.860550 0.002670 0.439016 0.033189
257804226 200001 -0.564453 0.048828 0.843750 -0.007450 -0.163891 -0.011706 87.349220 -2.859375 43.066410 0.010063 0.435396 0.034257
258004227 200001 -0.473145 0.055664 0.881836 0.003193 0.126643 0.002128 86.461525 -3.038086 42.549610 0.021384 0.471193 0.039928
258204228 200001 -0.527832 0.044922 0.857910 0.001064 -0.175597 -0.003193 87.349220 -2.501953 42.721878 0.026660 0.451382 0.040007
258404229 200001 -0.525879 0.037109 0.864258 -0.007450 0.081945 -0.022349 87.526756 -3.752930 42.549610 0.026213 0.485921 0.038870
258604230 200001 -0.499023 0.043945 0.867676 -0.007450 -0.001064 -0.007450 86.106445 -4.467773 42.549610 0.028780 0.492097 0.043285
258804231 200001 -0.530273 0.034668 0.888184 -0.002128 -0.002128 -0.011706 87.526756 -2.680664 42.205082 0.028982 0.500124 0.040894
259004232 200001 -0.499512 0.049805 0.875977 0.006385 0.044697 -0.006385 87.526756 -2.680664 42.205082 0.035125 0.511841 0.042257
259204233 200001 -0.509766 0.034668 0.859375 0.004257 0.017028 -0.007450 87.881836 -2.680664 43.238674 0.036170 0.519158 0.041307
259404234 200001 -0.502930 0.038086 0.890137 0.005321 0.035119 -0.025541 87.881836 -2.680664 43.238674 0.035726 0.524574 0.036789
259604235 200001 -0.520508 0.033203 0.891113 0.005321 0.004257 0.004257 86.994141 -1.787109 43.066410 0.037504 0.525413 0.037428
259804236 200001 -0.524414 0.040527 0.857422 0.004257 -0.017028 -0.021284 86.816605 -4.467773 40.826954 0.038169 0.525986 0.038554
260004236 200000 -0.510742 0.026855 0.867188 0.008514 0.040441 -0.005321 86.816605 -2.680664 43.583206 0.038035 0.534544 0.038219
260204236 200000 -0.523438 0.036133 0.867676 0.004257 -0.005321 0.003193 86.816605 -2.680664 43.583206 0.039992 0.534275 0.040594
260404236 200000 -0.511230 0.056152 0.899414 0.006385 -0.345873 0.026606 88.591995 -1.608398 44.272266 0.046781 0.460944 0.044127
260604236 200000 -0.418457 0.051758 0.926270 -0.004257 -0.922682 0.043633 88.591995 -1.608398 44.272266 0.047755 0.269597 0.043544
260804236 200000 -0.262207 0.066406 0.996094 0.019156 -0.523598 0.052147 97.291405 -1.787109 38.932034 0.056545 0.162024 0.047926
261004236 200000 -0.064941 0.052734 1.003418 0.027670 -0.887563 0.010642 97.824028 -3.395508 37.381641 0.060347 -0.033535 0.040575
261204236 200000 0.076172 0.058594 1.009277 -0.026606 -0.119193 -0.010642 103.150200 -3.752930 31.180080 0.053747 -0.065272 0.039749
261404236 200000 0.021973 0.059082 0.992676 -0.005321 -0.142606 -0.010642 105.813286 -2.501953 29.974220 0.054028 -0.084922 0.035989
261604236 200000 0.050293 0.058105 1.019043 0.023413 0.054275 0.010642 105.813286 -2.501953 29.974220 0.058738 -0.067062 0.039415
261804236 200000 0.039062 0.070801 1.035156 0.002128 -0.011706 0.007450 104.215431 -2.680664 30.146486 0.060625 -0.063558 0.041388
262004236 200000 0.030273 0.066895 1.014160 -0.005321 0.081945 0.004257 104.215431 -2.680664 30.146486 0.060262 -0.040536 0.043644
262204236 200000 0.043457 0.067871 1.001953 -0.002128 0.065982 0.006385 104.570511 -3.395508 31.180080 0.060708 -0.027948 0.046981
262404236 200000 0.023438 0.065430 1.014160 -0.002128 -0.068110 -0.004257 104.570511 -3.395508 31.180080 0.060761 -0.040432 0.045997
262604236 200000 0.015137 0.040039 1.000000 -0.001064 0.037248 -0.009578 104.037895 -3.931641 29.629688 0.055864 -0.027823 0.046435
262804236 200000 0.034668 0.055176 1.023438 -0.001064 -0.026606 -0.019156 104.037895 -3.931641 29.629688 0.054875 -0.034033 0.043726
263004236 200000 0.052734 0.064453 1.037598 0.001064 -0.059597 -0.019156 104.570511 -2.323242 29.457424 0.056953 -0.048941 0.038148
263204236 200000 0.047363 0.049805 1.019043 0.005321 0.004257 0.003193 103.150200 -3.395508 29.112892 0.055616 -0.047530 0.041000
263404236 200000 0.077637 0.058594 1.029297 0.024477 0.026606 -0.000000 103.682816 -3.216797 30.318752 0.060232 -0.047625 0.042537
263604236 200000 0.048340 0.061035 1.011719 -0.018092 0.035119 -0.024477 103.682816 -3.216797 30.318752 0.056341 -0.040274 0.039290
263804236 200000 0.029785 0.038086 1.000488 -0.006385 -0.001064 -0.002128 104.392967 -1.787109 32.041409 0.051671 -0.038341 0.038194
264004236 200000 0.055664 0.044922 1.014160 0.013835 0.002128 0.005321 104.392967 -1.787109 32.041409 0.053153 -0.041183 0.038462
264204236 200000 0.032227 0.045410 1.021973 -0.004257 0.017028 -0.010642 103.682816 -3.574219 29.629688 0.049892 -0.035679 0.038721
264404236 200000 0.034668 0.062988 1.017090 0.004257 -0.002128 -0.010642 103.682816 -3.574219 29.629688 0.052510 -0.035593 0.038399
264604236 200000 0.038086 0.037109 1.044922 0.017028 0.091523 -0.026606 104.037895 -2.859375 29.285158 0.052346 -0.017203 0.034958
264804236 200000 -0.142090 0.091309 0.958984 0.007450 2.953222 -0.078753 104.037895 -2.859375 29.285158 0.068116 0.586154 0.056289
265004236 200000 -0.736328 0.046875 0.739746 0.072367 0.881178 -0.123450 87.881836 -1.608398 45.305862 0.070698 0.799005 0.037779
265204236 200000 -0.690918 0.036133 0.815918 0.003193 -0.279891 0.005321 80.602737 -1.072266 45.822659 0.063829 0.722868 0.032520
265404236 200000 -0.691895 0.030762 0.817871 -0.005321 0.032991 0.002128 80.602737 -1.072266 45.822659 0.058729 0.724209 0.032668
265604236 200000 -0.647949 0.047363 0.774902 0.001064 0.006385 0.008514 80.602737 -1.072266 45.822659 0.061340 0.718655 0.037271
265804236 200000 -0.652344 0.038574 0.776855 0.011706 0.034055 -0.020220 80.957817 -0.714844 46.856251 0.058113 0.720531 0.031259
266004236 200000 -0.635254 0.028809 0.776367 0.004257 -0.057468 -0.031927 80.957817 -0.714844 46.856251 0.048911 0.701517 0.020613
266204236 200000 -0.648438 0.034668 0.792969 0.003193 0.054275 0.002128 82.733208 -2.859375 47.889847 0.050863 0.707961 0.028866
266404236 200000 -0.650391 0.028320 0.775391 -0.009578 0.004257 -0.018092 82.023048 -2.144531 46.856251 0.043932 0.705915 0.026721
266604236 200000 -0.635254 0.032715 0.794922 0.000000 -0.056404 -0.005321 82.023048 -2.144531 46.856251 0.042848 0.687387 0.028409
266804236 200000 -0.629883 0.038086 0.796387 0.006385 -0.002128 -0.006385 82.733208 -2.144531 45.822659 0.044701 0.682318 0.030816
267004236 200000 -0.621094 0.032227 0.797852 0.008514 -0.051083 0.008514 82.733208 -2.144531 45.822659 0.047048 0.666908 0.034914
267204236 200000 -0.533203 0.035645 0.836426 0.030863 -0.767306 0.047890 86.461525 -3.395508 45.650394 0.053915 0.493779 0.041074
267404236 200000 -0.457031 0.041504 0.884277 0.012771 -0.394827 0.045762 88.947075 -0.893555 44.961330 0.057329 0.410670 0.044092
267604236 200000 -0.302246 0.049316 0.921387 -0.018092 -0.777948 0.054275 88.947075 -0.893555 44.961330 0.053909 0.236658 0.044364
267804236 200000 -0.250488 0.038086 1.022949 -0.041505 -0.333102 -0.007450 98.001564 -2.144531 39.276566 0.041441 0.170748 0.038143
268004236 200000 -0.090332 0.042480 0.991699 -0.015963 -0.583195 -0.017028 99.066795 -2.501953 38.242970 0.037580 0.038906 0.030390
268204236 200000 -0.017578 0.037109 1.000000 0.020220 -0.087266 0.006385 102.972656 -4.289062 32.730469 0.040296 0.017246 0.035089
268404236 200000 0.028809 0.068359 1.019043 0.004257 -0.213909 -0.000000 102.972656 -4.289062 32.730469 0.045263 -0.034313 0.036781
268604236 200000 0.023438 0.036133 1.001953 -0.038312 -0.030863 -0.039376 102.972656 -4.289062 32.730469 0.034795 -0.037861 0.032280
268804236 200000 0.023926 0.028320 0.994141 0.000000 -0.017028 -0.002128 103.860352 -2.680664 29.801954 0.033291 -0.038451 0.032494
269004236 200000 0.013184 0.056152 1.020508 -0.009578 -0.012771 -0.015963 103.860352 -2.680664 29.801954 0.035558 -0.035776 0.029656
269204236 200000 0.054688 0.053223 1.013672 0.013835 0.065982 0.010642 105.458206 -3.216797 31.696877 0.040814 -0.026218 0.034313
269404236 200000 0.043945 0.055176 0.995605 -0.025541 0.014899 0.017028 104.037895 -3.216797 29.974220 0.037955 -0.026852 0.039331
269604236 200000 0.062012 0.063477 1.012207 -0.021284 -0.119193 -0.003193 102.795120 -3.038086 30.491016 0.038493 -0.057294 0.037973
269804236 200000 0.014648 0.043945 1.008301 0.009578 0.175597 -0.013835 102.795120 -3.038086 30.491016 0.041179 -0.013677 0.037238
270004236 200000 0.017578 0.039062 1.010742 -0.050019 -0.047890 -0.001064 102.795120 -3.038086 30.491016 0.030395 -0.023908 0.037542
270204236 200000 0.008789 0.044922 1.025879 -0.036184 0.018092 0.005321 103.860352 -3.395508 30.835548 0.025508 -0.017253 0.039439
270404236 200000 0.027344 0.032715 1.014160 -0.034055 0.036184 0.011706 103.860352 -3.395508 30.835548 0.019924 -0.011987 0.042102
270604236 200000 0.038086 -0.008789 1.011719 -0.032991 -0.004257 -0.009578 105.635742 -4.110352 30.835548 0.007543 -0.017854 0.040783
270804236 200000 0.007812 0.005859 1.007324 0.004257 0.009578 -0.001064 105.635742 -4.110352 30.835548 0.008014 -0.013922 0.040689
271004236 200000 0.013184 0.011230 1.006836 0.004257 0.014899 -0.011706 105.635742 -4.110352 30.835548 0.009462 -0.010748 0.038502
271204236 200000 0.017090 0.016602 1.019531 0.002128 0.009578 -0.006385 103.327736 -3.931641 30.318752 0.011101 -0.009996 0.037677
271404236 200000 0.022461 0.010742 1.011719 0.002128 0.008514 -0.007450 103.327736 -3.931641 30.318752 0.011224 -0.010674 0.036893
271604236 200000 0.015137 0.004395 1.007324 0.005321 0.010642 -0.000000 103.327736 -3.931641 30.318752 0.010661 -0.009389 0.037763
271804236 200000 0.008301 -0.001953 1.025391 0.000000 0.011706 -0.007450 103.682816 -5.003906 29.974220 0.007432 -0.006737 0.038825
272004236 200000 0.011230 0.020508 1.013184 -0.002128 0.006385 0.006385 103.150200 -2.680664 30.491016 0.010105 -0.006343 0.038158
272204236 200000 0.036621 -0.002930 1.010254 0.000000 0.002128 -0.012771 104.392967 -3.216797 29.974220 0.007783 -0.011807 0.034834
272404236 200000 0.006836 -0.002441 1.008301 0.003193 0.020220 0.004257 104.392967 -3.216797 29.974220 0.006474 -0.006777 0.035426
272604236 200000 0.019531 0.006836 1.029297 -0.013835 -0.013835 -0.069175 103.682816 -6.076172 30.318752 0.002489 -0.011802 0.026223
272804236 200000 0.050293 0.010742 1.019531 -0.044697 -0.055340 -0.141542 102.972656 -3.574219 29.285158 -0.004759 -0.030239 -0.000268
273004236 200000 0.002930 -0.122559 1.125000 -0.294790 0.371414 -0.015963 105.103127 -1.787109 28.251564 -0.084784 0.049096 -0.003401
273204236 200000 -0.023926 -0.012207 0.943359 0.041505 0.338423 -0.131964 103.505272 -5.182617 31.180080 -0.065795 0.109574 -0.029067
273404236 200000 -0.068359 -0.043945 0.999023 0.255414 0.017028 -0.012771 103.150200 -2.680664 33.591797 -0.012145 0.104369 -0.025284
273604236 200000 -0.082520 -0.087402 0.999023 -0.143670 0.003193 0.001064 103.150200 -2.680664 33.591797 -0.057515 0.100688 -0.017878
273804236 200000 -0.072266 -0.044922 1.009277 0.037248 -0.035119 -0.003193 102.617577 -4.289062 34.108597 -0.049212 0.087715 -0.010537
274004236 200000 -0.062988 -0.066895 1.031738 0.054275 0.000000 0.021284 101.374809 -3.395508 33.591797 -0.042281 0.082466 -0.001552
274204236 200000 -0.075195 -0.035156 0.997070 0.052147 0.058532 0.011706 101.374809 -3.395508 33.591797 -0.031190 0.092657 0.004247
274404236 200000 -0.068359 -0.074219 1.022949 0.053211 0.007450 -0.027670 102.440041 -4.110352 33.591797 -0.030308 0.088715 0.002498
274604236 200000 -0.069824 -0.097656 1.084961 0.412919 0.048954 -0.025541 102.440041 -4.110352 33.591797 0.038567 0.093399 0.001173
274804236 200000 1.630371 -0.128418 2.252930 1.786833 0.351194 0.021284 102.972656 7.148438 32.730469 0.378928 0.035523 -0.013816
275004236 200000 -0.185059 0.824219 0.520508 0.147927 -0.057468 0.792847 99.599419 15.190430 32.558205 0.524151 -0.012767 0.127847
275204236 200000 -0.123535 0.731934 0.765137 -0.441653 -0.216038 0.010642 99.599419 15.190430 32.558205 0.488715 -0.026759 0.090821
275404236 200000 -0.096191 0.613281 0.782715 -0.470387 0.079817 -0.187303 99.954491 11.258789 34.280861 0.430520 0.028018 0.057818
275604236 200000 -0.119629 0.606445 0.733398 -0.442717 0.063853 -0.189432 101.552345 11.080078 33.764065 0.391762 0.074045 0.025989
275804236 200000 -0.060059 0.227051 0.874023 -3.095829 -0.116000 -0.667269 99.244339 3.752930 37.381641 -0.245204 0.064252 -0.090668
276004236 200000 -0.113281 0.049805 1.009277 0.651305 -0.318203 0.026606 99.599419 -3.038086 36.003517 -0.059099 0.011299 -0.065030
276204236 200000 -0.074707 0.008301 1.062012 -0.177725 -0.024477 -0.030863 99.599419 -3.038086 36.003517 -0.085844 0.017690 -0.057738
276404236 200000 -0.064941 -0.000977 1.008301 -0.094716 0.029798 -0.051083 102.262505 -3.931641 32.730469 -0.091829 0.031856 -0.055733
276604236 200000 -0.051758 0.021484 1.025391 0.000000 0.003193 -0.056404 102.440041 -1.608398 33.247269 -0.072039 0.035078 -0.058661
276804236 200000 -0.066406 0.010254 1.000000 0.032991 0.003193 0.001064 102.440041 -3.038086 34.625393 -0.052594 0.041664 -0.046342
277004236 200000 -0.081543 0.017578 1.020996 0.077688 -0.004257 0.002128 102.972656 -2.859375 33.075001 -0.026127 0.048119 -0.034798
277204236 200000 -0.055664 -0.004883 1.044922 0.197946 0.008514 -0.006385 102.972656 -2.859375 33.075001 0.014860 0.050527 -0.026006
277404236 200000 -0.032715 0.270508 1.065430 4.174952 0.175597 0.559782 102.972656 -2.859375 33.075001 0.846435 0.029039 0.089882
277604236 200000 -0.110352 0.704102 0.477051 0.377800 0.296919 0.313946 101.907425 6.433594 32.385941 0.943464 0.036544 0.195741
277804236 200000 -0.057129 0.833008 0.583496 -0.187303 -0.013835 0.007450 101.907425 6.433594 32.385941 0.907354 0.037750 0.198076
278004236 200000 -0.030273 0.798340 0.649414 -0.185175 0.023413 0.035119 101.729881 14.833008 30.146486 0.868458 0.032954 0.195488
278204236 200000 -0.039551 0.732910 0.657715 -0.363965 -0.026606 -0.052147 101.729881 14.833008 30.146486 0.791853 0.037532 0.172297
278404236 200000 -0.024902 0.488770 0.868164 -2.626506 0.048954 -0.343744 101.374809 11.616211 32.558205 0.226868 0.073967 0.113872
278604236 200000 -0.073730 -0.028809 1.111816 -1.482464 -0.145799 -0.185175 102.084961 7.327148 34.625393 -0.112483 0.042060 0.053307
278804236 200000 -0.086914 0.053711 1.050293 -0.160698 -0.072367 0.084074 102.084961 7.327148 34.625393 -0.102933 0.037918 0.043723
279004236 200000 -0.066895 -0.008789 1.022949 0.176661 0.046826 0.039376 102.084961 7.327148 34.625393 -0.041058 0.054225 0.024938
279204236 200000 -0.058594 -0.040039 1.029297 0.032991 0.022349 0.018092 102.084961 -4.825195 34.969925 -0.034197 0.059261 0.029792
279404236 200000 -0.076172 -0.032715 1.008301 -0.069175 0.003193 -0.030863 102.795120 -2.680664 32.558205 -0.047273 0.062716 0.020885
279604236 200000 -0.076172 -0.030762 1.013184 0.011706 0.034055 0.003193 102.795120 -2.680664 32.558205 -0.041048 0.071872 0.019599
279804236 200000 -0.060059 0.062988 1.223145 4.211135 0.170276 0.242643 102.795120 -2.680664 32.558205 0.775735 0.081421 0.071026
280004236 200000 -0.028809 0.783691 0.556641 -0.419304 0.221359 0.078753 100.842186 13.939453 32.041409 0.726593 0.093144 0.124758
280204236 200000 -0.059570 0.777344 0.679688 0.485286 -0.056404 0.206460 100.309570 14.833008 31.869143 0.850031 0.049167 0.142592
280404236 200000 -0.034180 0.701172 0.720703 -0.296919 0.002128 -0.054275 102.084961 11.973633 33.247269 0.772959 0.054597 0.138661
280604236 200000 -0.047852 0.714355 0.719238 -0.411855 0.022349 -0.051083 102.084961 11.973633 33.247269 0.691345 0.063253 0.134521
280804236 200000 -0.054199 0.499512 0.815918 -3.053259 0.145799 0.002128 100.842186 10.722656 33.764065 0.075480 0.087014 0.143433
281004236 200000 -0.102539 -0.029785 1.019043 -0.804554 -0.372478 -0.189432 102.262505 -2.501953 34.453125 -0.102333 0.012923 0.087203
281204236 200000 -0.010254 0.002930 1.061035 -0.145799 -0.059597 -0.026606 102.262505 -2.501953 34.453125 -0.104709 -0.000333 0.065999
281404236 200000 -0.044434 0.021484 1.015137 -0.145799 0.023413 -0.010642 102.262505 -2.501953 34.453125 -0.104299 0.012674 0.049694
281604236 200000 -0.055664 0.010742 0.981445 -0.077688 0.086202 -0.000000 102.084961 -4.825195 32.213673 -0.095102 0.038426 0.041864
281804236 200000 -0.051758 -0.005371 1.023438 -0.060661 0.080881 0.009578 101.197266 -3.574219 33.075001 -0.087371 0.057007 0.036128
282004236 200000 -0.050293 0.004395 1.009277 0.040441 0.022349 0.008514 101.197266 -3.574219 33.075001 -0.059539 0.060150 0.033114
282204236 200000 -0.040527 0.040039 0.978516 0.059597 0.028734 -0.031927 101.197266 -3.574219 33.075001 -0.027296 0.061873 0.024420
282404236 200000 -0.069824 0.054199 0.994629 -0.123450 0.106422 -0.183047 101.197266 -3.574219 33.075001 -0.038510 0.083439 -0.011569
282604236 200000 -0.053711 0.022949 0.964355 0.195817 -0.034055 -0.047890 102.972656 -2.859375 32.041409 0.010970 0.070802 -0.015139
282804236 200000 -0.040039 -0.023926 1.060059 -0.147927 -0.105358 -0.048954 102.084961 -3.038086 32.902737 -0.028031 0.043278 -0.016291
283004236 200000 -0.018066 -0.012695 1.045898 -0.089395 -0.054275 -0.007450 102.084961 -3.038086 32.902737 -0.044628 0.027271 -0.010500
283204236 200000 -0.008789 0.011230 1.032227 0.184111 -0.026606 0.078753 102.084961 -3.038086 32.902737 0.002061 0.018456 0.010186
283404236 200000 0.016602 0.006348 1.017578 0.175597 -0.059597 0.116000 104.570511 -3.395508 31.524611 0.036866 -0.000815 0.037124
283604236 200000 -0.096191 -0.016113 0.906250 -0.133028 0.159634 0.047890 105.103127 -5.003906 31.007814 -0.001237 0.051984 0.050732
283804236 200000 0.055176 -0.021484 1.004395 0.010642 -0.021284 -0.026606 104.037895 -2.859375 30.663282 -0.002167 0.026539 0.040781
284004236 200000 0.038086 0.014160 1.014160 -0.001064 0.017028 -0.001064 105.280663 -3.752930 29.801954 0.001097 0.017226 0.039517
284204236 200000 0.011230 0.012207 1.013184 0.003193 0.009578 -0.023413 102.440041 -4.825195 30.146486 0.003435 0.013540 0.036290
284404236 200000 0.011719 0.007324 1.019043 0.005321 0.010642 -0.011706 103.682816 -3.931641 30.663282 0.005076 0.010705 0.034425
284604236 200000 0.006348 0.014648 1.010742 0.005321 0.015963 -0.004257 103.682816 -3.931641 30.663282 0.007730 0.010528 0.034503
284804236 200000 0.014160 -0.024902 1.016113 0.021284 0.026606 0.005321 104.570511 -5.540039 30.146486 0.004558 0.011027 0.039310
285004236 200000 0.004395 0.020996 1.020508 0.005321 0.013835 -0.010642 104.392967 -2.859375 32.041409 0.009329 0.010737 0.035298
285204236 200000 0.005371 0.001465 1.016602 0.002128 0.013835 -0.003193 104.392967 -2.859375 32.041409 0.008452 0.010307 0.033731
285404236 200000 0.007324 0.015625 1.019043 0.003193 0.012771 -0.005321 102.617577 -5.003906 31.352345 0.009492 0.009426 0.035882
285604236 200000 0.007812 0.014160 1.023926 0.000000 0.011706 -0.010642 103.150200 -5.540039 32.213673 0.009190 0.008445 0.037529
285804236 200000 0.004395 0.006348 1.015137 0.004257 0.012771 -0.007450 102.795120 -4.110352 30.491016 0.009167 0.008477 0.036988
286004236 200000 0.011230 0.006836 1.023438 0.003193 0.015963 -0.003193 103.505272 -5.540039 31.869143 0.008253 0.007855 0.039866
286204236 200000 0.013672 0.007324 1.018066 0.002128 0.009578 -0.005321 102.972656 -5.718750 30.663282 0.007498 0.005600 0.042103
286404236 200000 0.005859 0.011230 1.019043 0.007450 0.013835 -0.006385 105.635742 -3.395508 30.835548 0.010073 0.006102 0.039416
286604236 200000 0.015137 0.004395 1.022461 0.003193 0.010642 -0.002128 105.635742 -3.395508 30.835548 0.009783 0.004075 0.038196
286804236 200000 0.011230 0.014648 1.007812 0.003193 0.010642 -0.007450 104.392967 -5.003906 31.352345 0.010662 0.003226 0.039032
287004236 200000 0.014648 -0.000977 1.022461 0.003193 0.010642 -0.004257 103.682816 -4.289062 29.974220 0.008704 0.001891 0.039182
287204236 200000 0.013184 -0.000977 1.020996 0.007450 0.014899 -0.006385 103.682816 -4.289062 29.974220 0.008019 0.001951 0.038785
287404236 200000 0.003906 0.002930 1.020020 0.001064 0.009578 -0.004257 104.215431 -4.467773 30.835548 0.006858 0.002735 0.039121
287604236 200000 0.001465 0.008301 1.015137 0.011706 0.032991 -0.007450 104.215431 -4.825195 30.491016 0.008957 0.008512 0.039358
287804236 200000 0.008789 0.001465 1.021484 0.003193 0.010642 -0.006385 104.215431 -4.825195 30.491016 0.007594 0.007269 0.039820
288004236 200000 0.005371 0.016602 1.012207 0.002128 0.011706 -0.007450 104.215431 -4.825195 30.491016 0.009291 0.007136 0.039937
288204236 200000 0.006348 0.004883 1.022949 0.005321 0.011706 -0.001064 104.215431 -4.825195 30.491016 0.008977 0.006843 0.041382
288404236 200000 0.007812 0.007324 1.018555 0.003193 0.007450 -0.005321 103.327736 -3.216797 31.696877 0.009656 0.005443 0.038951
288604236 200000 0.003906 0.008301 1.027832 0.004257 0.014899 -0.007450 103.327736 -3.216797 31.696877 0.010439 0.006582 0.036597
288804236 200000 -0.001953 0.007812 1.017578 0.001064 0.013835 -0.004257 103.505272 -3.752930 31.524611 0.009937 0.008422 0.036273
289004236 200000 0.004883 0.007812 1.017090 0.007450 0.013835 -0.005321 103.505272 -3.752930 31.524611 0.010798 0.008569 0.035764
289204236 200000 0.009277 0.001953 1.012207 0.002128 0.009578 -0.005321 103.327736 -4.289062 31.696877 0.008962 0.006991 0.036334
289404236 200000 0.002441 0.007812 1.014160 0.004257 0.009578 -0.006385 103.327736 -4.289062 31.696877 0.009116 0.007060 0.036498
289604236 200000 0.008301 0.008301 1.012207 0.003193 0.012771 -0.008514 104.215431 -4.825195 32.902737 0.008848 0.006624 0.037095
